0 0.712546 0.271533 0.169288 0.230421
0 0.588036 0.411937 0.193009 0.276637
0 0.607048 0.0796836 0.200143 0.151043
0 0.347219 0.17582 0.182748 0.163276
0 0.950311 0.784419 0.0986803 0.431162
0 0.234042 0.700754 0.468084 0.598492
2 0.679129 0.275006 0.0314092 0.0287487
2 0.0268177 0.91428 0.0521393 0.0652432
0 0.234409 0.70227 0.437969 0.595461
2 0.562088 0.487092 0.0424287 0.0348312
2 0.562421 0.487409 0.0425316 0.0356438
0 0.712546 0.271533 0.169288 0.230421
0 0.588036 0.411937 0.193009 0.276637
0 0.607048 0.0796836 0.200143 0.151043
0 0.347219 0.17582 0.182748 0.163276
0 0.950311 0.784419 0.0986803 0.431162
0 0.234042 0.700754 0.468084 0.598492
2 0.679129 0.275006 0.0314092 0.0287487
2 0.0268177 0.91428 0.0521393 0.0652432
0 0.234409 0.70227 0.437969 0.595461
2 0.562088 0.487092 0.0424287 0.0348312
2 0.562421 0.487409 0.0425316 0.0356438
