0 0.450243 0.541221 0.246623 0.389785
0 0.663305 0.255869 0.181255 0.220867
0 0.263565 0.184834 0.220898 0.147333
2 0.417595 0.641079 0.0515252 0.0448416
2 0.621517 0.282604 0.0325658 0.0300006
0 0.0539035 0.279471 0.107806 0.233569
0 0.896934 0.109134 0.206131 0.20544
0 0.450243 0.541221 0.246623 0.389785
0 0.663305 0.255869 0.181255 0.220867
0 0.263565 0.184834 0.220898 0.147333
2 0.417595 0.641079 0.0515252 0.0448416
2 0.621517 0.282604 0.0325658 0.0300006
0 0.0539035 0.279471 0.107806 0.233569
0 0.896934 0.109134 0.206131 0.20544
