0 0.633148 0.274486 0.150757 0.243053
0 0.255311 0.207592 0.256859 0.193807
2 0.598279 0.308136 0.0316887 0.0305396
0 0.887659 0.181193 0.182086 0.134443
0 0.886676 0.183722 0.1807 0.140086
0 0.698183 0.200586 0.205798 0.171912
0 0.899001 0.121842 0.201999 0.233198
0 0.633148 0.274486 0.150757 0.243053
0 0.255311 0.207592 0.256859 0.193807
2 0.598279 0.308136 0.0316887 0.0305396
0 0.887659 0.181193 0.182086 0.134443
0 0.886676 0.183722 0.1807 0.140086
0 0.698183 0.200586 0.205798 0.171912
0 0.899001 0.121842 0.201999 0.233198
