0 0.589605 0.299478 0.184877 0.197017
0 0.2597 0.223042 0.223007 0.168778
0 0.0922809 0.899767 0.18214 0.200466
0 0.614268 0.173951 0.162177 0.124692
0 0.787196 0.217023 0.201967 0.209378
2 0.593568 0.632638 0.0540358 0.0453717
0 0.541413 0.52751 0.271698 0.396813
2 0.72646 0.240684 0.0251911 0.0259373
0 0.541478 0.524211 0.27347 0.391779
2 0.355623 0.261062 0.0166266 0.0190364
0 0.589605 0.299478 0.184877 0.197017
0 0.2597 0.223042 0.223007 0.168778
0 0.0922809 0.899767 0.18214 0.200466
0 0.614268 0.173951 0.162177 0.124692
0 0.787196 0.217023 0.201967 0.209378
2 0.593568 0.632638 0.0540358 0.0453717
0 0.541413 0.52751 0.271698 0.396813
2 0.72646 0.240684 0.0251911 0.0259373
0 0.541478 0.524211 0.27347 0.391779
2 0.355623 0.261062 0.0166266 0.0190364
