0 0.429144 0.538704 0.315456 0.427637
0 0.640913 0.355672 0.199908 0.326133
0 0.476942 0.212714 0.190856 0.154485
0 0.108934 0.89947 0.215356 0.20106
2 0.614743 0.381322 0.0425469 0.0383012
0 0.544605 0.147654 0.183574 0.126914
2 0.361676 0.638579 0.0566642 0.0537274
0 0.057663 0.214993 0.115115 0.204095
0 0.690525 0.25126 0.124431 0.139786
0 0.929361 0.193217 0.141279 0.153327
0 0.735336 0.747894 0.529328 0.504213
0 0.429144 0.538704 0.315456 0.427637
0 0.640913 0.355672 0.199908 0.326133
0 0.476942 0.212714 0.190856 0.154485
0 0.108934 0.89947 0.215356 0.20106
2 0.614743 0.381322 0.0425469 0.0383012
0 0.544605 0.147654 0.183574 0.126914
2 0.361676 0.638579 0.0566642 0.0537274
0 0.057663 0.214993 0.115115 0.204095
0 0.690525 0.25126 0.124431 0.139786
0 0.929361 0.193217 0.141279 0.153327
0 0.735336 0.747894 0.529328 0.504213
