0 0.548454 0.398251 0.275354 0.38727
0 0.356598 0.203018 0.227125 0.17481
0 0.591729 0.156478 0.196258 0.13351
0 0.290313 0.678678 0.440401 0.626473
2 0.106782 0.861052 0.0588046 0.0598202
0 0.712933 0.260879 0.160533 0.185203
0 0.710661 0.260362 0.168289 0.184366
0 0.0277957 0.234207 0.0553924 0.182572
0 0.548454 0.398251 0.275354 0.38727
0 0.356598 0.203018 0.227125 0.17481
0 0.591729 0.156478 0.196258 0.13351
0 0.290313 0.678678 0.440401 0.626473
2 0.106782 0.861052 0.0588046 0.0598202
0 0.712933 0.260879 0.160533 0.185203
0 0.710661 0.260362 0.168289 0.184366
0 0.0277957 0.234207 0.0553924 0.182572
