0 0.665588 0.251258 0.187454 0.23595
0 0.499364 0.40866 0.173324 0.278502
0 0.538912 0.195584 0.163892 0.16087
0 0.714585 0.66614 0.528221 0.556851
0 0.15909 0.888223 0.314763 0.223553
2 0.494962 0.441341 0.0445721 0.0353431
2 0.62754 0.304428 0.0338662 0.0344233
2 0.889537 0.67077 0.0450593 0.0441747
0 0.665588 0.251258 0.187454 0.23595
0 0.499364 0.40866 0.173324 0.278502
0 0.538912 0.195584 0.163892 0.16087
0 0.714585 0.66614 0.528221 0.556851
0 0.15909 0.888223 0.314763 0.223553
2 0.494962 0.441341 0.0445721 0.0353431
2 0.62754 0.304428 0.0338662 0.0344233
2 0.889537 0.67077 0.0450593 0.0441747
