0 0.708133 0.251176 0.175383 0.182482
0 0.568697 0.36204 0.199574 0.207433
0 0.581154 0.629549 0.401117 0.42283
0 0.929022 0.812069 0.141824 0.375861
2 0.69446 0.670116 0.0574118 0.0519286
2 0.543452 0.401286 0.0410611 0.0366875
2 0.65736 0.252393 0.0250838 0.0209493
0 0.708133 0.251176 0.175383 0.182482
0 0.568697 0.36204 0.199574 0.207433
0 0.581154 0.629549 0.401117 0.42283
0 0.929022 0.812069 0.141824 0.375861
2 0.69446 0.670116 0.0574118 0.0519286
2 0.543452 0.401286 0.0410611 0.0366875
2 0.65736 0.252393 0.0250838 0.0209493
