0 0.610674 0.320126 0.161799 0.224436
0 0.142098 0.176542 0.230754 0.185916
2 0.587934 0.333439 0.034741 0.0291032
0 0.0409334 0.218987 0.081706 0.18473
0 0.0130936 0.322508 0.0258387 0.235168
0 0.903304 0.146449 0.193392 0.153953
0 0.0123809 0.333549 0.0243241 0.207022
0 0.610674 0.320126 0.161799 0.224436
0 0.142098 0.176542 0.230754 0.185916
2 0.587934 0.333439 0.034741 0.0291032
0 0.0409334 0.218987 0.081706 0.18473
0 0.0130936 0.322508 0.0258387 0.235168
0 0.903304 0.146449 0.193392 0.153953
0 0.0123809 0.333549 0.0243241 0.207022
