0 0.512049 0.53614 0.243133 0.347326
0 0.453307 0.174467 0.170251 0.144954
0 0.603499 0.319372 0.184695 0.298708
0 0.725341 0.244872 0.129427 0.180146
0 0.892945 0.18922 0.214109 0.177411
2 0.532995 0.576963 0.0532095 0.0412315
0 0.0445398 0.19805 0.0885208 0.235709
2 0.694186 0.283688 0.0195496 0.021722
2 0.589124 0.394855 0.0271593 0.0300631
0 0.512049 0.53614 0.243133 0.347326
0 0.453307 0.174467 0.170251 0.144954
0 0.603499 0.319372 0.184695 0.298708
0 0.725341 0.244872 0.129427 0.180146
0 0.892945 0.18922 0.214109 0.177411
2 0.532995 0.576963 0.0532095 0.0412315
0 0.0445398 0.19805 0.0885208 0.235709
2 0.694186 0.283688 0.0195496 0.021722
2 0.589124 0.394855 0.0271593 0.0300631
