0 0.654844 0.259307 0.185495 0.240534
0 0.660064 0.594285 0.439613 0.494265
2 0.621893 0.30859 0.0320848 0.0319417
0 0.0624306 0.222328 0.12478 0.190206
2 0.793051 0.627176 0.0462699 0.0421029
2 0.495481 0.42439 0.0388616 0.0291204
0 0.506947 0.393774 0.17459 0.264404
0 0.911158 0.191809 0.173688 0.183838
0 0.654844 0.259307 0.185495 0.240534
0 0.660064 0.594285 0.439613 0.494265
2 0.621893 0.30859 0.0320848 0.0319417
0 0.0624306 0.222328 0.12478 0.190206
2 0.793051 0.627176 0.0462699 0.0421029
2 0.495481 0.42439 0.0388616 0.0291204
0 0.506947 0.393774 0.17459 0.264404
0 0.911158 0.191809 0.173688 0.183838
