0 0.700687 0.260863 0.170479 0.216535
0 0.497567 0.329924 0.186268 0.402051
0 0.132482 0.211375 0.204482 0.161447
2 0.477401 0.444235 0.0403248 0.0353185
2 0.664444 0.276206 0.0288065 0.0256945
0 0.859463 0.18565 0.218675 0.174334
0 0.856981 0.184097 0.208516 0.166489
0 0.700687 0.260863 0.170479 0.216535
0 0.497567 0.329924 0.186268 0.402051
0 0.132482 0.211375 0.204482 0.161447
2 0.477401 0.444235 0.0403248 0.0353185
2 0.664444 0.276206 0.0288065 0.0256945
0 0.859463 0.18565 0.218675 0.174334
0 0.856981 0.184097 0.208516 0.166489
