0 0.574344 0.5776 0.371631 0.475931
0 0.853818 0.808564 0.290914 0.382872
0 0.725791 0.251599 0.144692 0.221789
0 0.591677 0.290373 0.217938 0.179177
0 0.135206 0.208845 0.218812 0.198653
2 0.682612 0.601833 0.0524461 0.0509303
0 0.229671 0.763207 0.437671 0.473586
0 0.933893 0.168982 0.131983 0.228146
0 0.232259 0.761198 0.464518 0.477604
0 0.015002 0.308042 0.0290338 0.337628
0 0.574344 0.5776 0.371631 0.475931
0 0.853818 0.808564 0.290914 0.382872
0 0.725791 0.251599 0.144692 0.221789
0 0.591677 0.290373 0.217938 0.179177
0 0.135206 0.208845 0.218812 0.198653
2 0.682612 0.601833 0.0524461 0.0509303
0 0.229671 0.763207 0.437671 0.473586
0 0.933893 0.168982 0.131983 0.228146
0 0.232259 0.761198 0.464518 0.477604
0 0.015002 0.308042 0.0290338 0.337628
