0 0.617596 0.325944 0.180695 0.251595
0 0.0514918 0.295545 0.101996 0.223426
0 0.0823319 0.913583 0.162678 0.172833
0 0.961172 0.810177 0.0766731 0.379646
2 0.594606 0.396279 0.034952 0.0329292
0 0.869351 0.204251 0.255228 0.225318
0 0.833014 0.201573 0.175523 0.213686
0 0.617596 0.325944 0.180695 0.251595
0 0.0514918 0.295545 0.101996 0.223426
0 0.0823319 0.913583 0.162678 0.172833
0 0.961172 0.810177 0.0766731 0.379646
2 0.594606 0.396279 0.034952 0.0329292
0 0.869351 0.204251 0.255228 0.225318
0 0.833014 0.201573 0.175523 0.213686
