0 0.351373 0.664737 0.382853 0.484914
0 0.809733 0.726725 0.380534 0.546551
2 0.242007 0.772811 0.0559392 0.0576666
0 0.381843 0.132303 0.379573 0.249593
2 0.0111057 0.260082 0.0222113 0.0304322
2 0.561521 0.14216 0.0308463 0.0320761
0 0.0292256 0.241441 0.0580198 0.202094
0 0.351373 0.664737 0.382853 0.484914
0 0.809733 0.726725 0.380534 0.546551
2 0.242007 0.772811 0.0559392 0.0576666
0 0.381843 0.132303 0.379573 0.249593
2 0.0111057 0.260082 0.0222113 0.0304322
2 0.561521 0.14216 0.0308463 0.0320761
0 0.0292256 0.241441 0.0580198 0.202094
