0 0.57935 0.502315 0.293609 0.421891
0 0.229658 0.20292 0.193535 0.146089
2 0.107138 0.890923 0.0537098 0.0574617
0 0.0779497 0.169996 0.149277 0.119731
0 0.66696 0.248393 0.1963 0.258646
0 0.668412 0.249163 0.199383 0.262486
0 0.521332 0.338191 0.194009 0.240744
2 0.632184 0.551399 0.0537184 0.0532623
0 0.523814 0.192959 0.0899141 0.0743722
0 0.57935 0.502315 0.293609 0.421891
0 0.229658 0.20292 0.193535 0.146089
2 0.107138 0.890923 0.0537098 0.0574617
0 0.0779497 0.169996 0.149277 0.119731
0 0.66696 0.248393 0.1963 0.258646
0 0.668412 0.249163 0.199383 0.262486
0 0.521332 0.338191 0.194009 0.240744
2 0.632184 0.551399 0.0537184 0.0532623
0 0.523814 0.192959 0.0899141 0.0743722
