0 0.606158 0.364719 0.152479 0.24306
0 0.557694 0.202594 0.186381 0.157097
0 0.377307 0.665388 0.374602 0.521051
0 0.701693 0.270821 0.173052 0.192758
0 0.846487 0.137267 0.307027 0.273766
0 0.0586004 0.192047 0.117201 0.158816
2 0.59606 0.419037 0.03779 0.0303994
2 0.307029 0.834286 0.0638026 0.0581043
0 0.606158 0.364719 0.152479 0.24306
0 0.557694 0.202594 0.186381 0.157097
0 0.377307 0.665388 0.374602 0.521051
0 0.701693 0.270821 0.173052 0.192758
0 0.846487 0.137267 0.307027 0.273766
0 0.0586004 0.192047 0.117201 0.158816
2 0.59606 0.419037 0.03779 0.0303994
2 0.307029 0.834286 0.0638026 0.0581043
