0 0.536201 0.433008 0.238202 0.329825
0 0.630483 0.268414 0.157987 0.188201
0 0.821148 0.727701 0.347401 0.544597
0 0.0772813 0.222205 0.154563 0.172553
2 0.497873 0.47301 0.0452791 0.039138
0 0.0741285 0.909368 0.14727 0.181263
2 0.596981 0.279554 0.0228583 0.0209321
0 0.536201 0.433008 0.238202 0.329825
0 0.630483 0.268414 0.157987 0.188201
0 0.821148 0.727701 0.347401 0.544597
0 0.0772813 0.222205 0.154563 0.172553
2 0.497873 0.47301 0.0452791 0.039138
0 0.0741285 0.909368 0.14727 0.181263
2 0.596981 0.279554 0.0228583 0.0209321
