0 0.710357 0.252163 0.166883 0.229556
0 0.582642 0.412474 0.200825 0.265838
2 0.67271 0.313874 0.0307517 0.0277757
0 0.0600275 0.230015 0.120055 0.170617
2 0.545083 0.477256 0.0375757 0.0320343
2 0.545394 0.479485 0.0404932 0.0364767
0 0.0142963 0.224857 0.0282463 0.145543
0 0.710357 0.252163 0.166883 0.229556
0 0.582642 0.412474 0.200825 0.265838
2 0.67271 0.313874 0.0307517 0.0277757
0 0.0600275 0.230015 0.120055 0.170617
2 0.545083 0.477256 0.0375757 0.0320343
2 0.545394 0.479485 0.0404932 0.0364767
0 0.0142963 0.224857 0.0282463 0.145543
