0 0.670675 0.278184 0.194251 0.245673
0 0.136062 0.173945 0.222465 0.188635
0 0.755251 0.825005 0.489498 0.34999
0 0.953164 0.226578 0.093673 0.181629
0 0.838342 0.121347 0.146084 0.234535
0 0.728086 0.827329 0.543828 0.339398
0 0.619385 0.143932 0.343744 0.284985
0 0.670675 0.278184 0.194251 0.245673
0 0.136062 0.173945 0.222465 0.188635
0 0.755251 0.825005 0.489498 0.34999
0 0.953164 0.226578 0.093673 0.181629
0 0.838342 0.121347 0.146084 0.234535
0 0.728086 0.827329 0.543828 0.339398
0 0.619385 0.143932 0.343744 0.284985
