0 0.641759 0.258384 0.208234 0.21631
0 0.456457 0.460899 0.255252 0.353628
0 0.141371 0.811303 0.280791 0.377395
2 0.580389 0.312824 0.0282577 0.0257349
0 0.932519 0.181334 0.134962 0.145682
0 0.763976 0.792244 0.467836 0.410028
0 0.772581 0.790943 0.454838 0.418115
0 0.641759 0.258384 0.208234 0.21631
0 0.456457 0.460899 0.255252 0.353628
0 0.141371 0.811303 0.280791 0.377395
2 0.580389 0.312824 0.0282577 0.0257349
0 0.932519 0.181334 0.134962 0.145682
0 0.763976 0.792244 0.467836 0.410028
0 0.772581 0.790943 0.454838 0.418115
