0 0.557832 0.465307 0.219668 0.34334
0 0.633251 0.3238 0.185961 0.266104
0 0.849278 0.801209 0.301443 0.397582
0 0.519469 0.178693 0.206275 0.147838
0 0.218282 0.712839 0.41934 0.574322
2 0.577584 0.534799 0.0500537 0.0430412
1 0.75916 0.280356 0.0544434 0.0998543
0 0.557832 0.465307 0.219668 0.34334
0 0.633251 0.3238 0.185961 0.266104
0 0.849278 0.801209 0.301443 0.397582
0 0.519469 0.178693 0.206275 0.147838
0 0.218282 0.712839 0.41934 0.574322
2 0.577584 0.534799 0.0500537 0.0430412
1 0.75916 0.280356 0.0544434 0.0998543
