0 0.684855 0.270275 0.185683 0.239732
0 0.865702 0.753215 0.26801 0.493569
0 0.910741 0.211795 0.178517 0.196825
2 0.57905 0.538862 0.0534435 0.0426482
2 0.641786 0.276245 0.0290948 0.0257698
0 0.562763 0.49838 0.230712 0.387214
0 0.562719 0.496888 0.233407 0.389228
0 0.684855 0.270275 0.185683 0.239732
0 0.865702 0.753215 0.26801 0.493569
0 0.910741 0.211795 0.178517 0.196825
2 0.57905 0.538862 0.0534435 0.0426482
2 0.641786 0.276245 0.0290948 0.0257698
0 0.562763 0.49838 0.230712 0.387214
0 0.562719 0.496888 0.233407 0.389228
