0 0.594995 0.336104 0.196498 0.255217
0 0.696799 0.272985 0.136168 0.189702
0 0.556719 0.554062 0.342228 0.446302
2 0.642506 0.675936 0.0520943 0.0475696
0 0.819932 0.195895 0.223037 0.198355
0 0.811784 0.194889 0.205575 0.195755
2 0.643232 0.67927 0.0560418 0.0526274
0 0.594995 0.336104 0.196498 0.255217
0 0.696799 0.272985 0.136168 0.189702
0 0.556719 0.554062 0.342228 0.446302
2 0.642506 0.675936 0.0520943 0.0475696
0 0.819932 0.195895 0.223037 0.198355
0 0.811784 0.194889 0.205575 0.195755
2 0.643232 0.67927 0.0560418 0.0526274
