0 0.555468 0.24249 0.339887 0.484979
2 0.512807 0.396151 0.0516128 0.0425286
2 0.626229 0.285103 0.0275895 0.0259718
0 0.529779 0.366638 0.212037 0.390261
0 0.660703 0.279587 0.1509 0.228821
2 0.489669 0.107087 0.0392552 0.0404804
0 0.0191533 0.204321 0.0380694 0.202515
0 0.555468 0.24249 0.339887 0.484979
2 0.512807 0.396151 0.0516128 0.0425286
2 0.626229 0.285103 0.0275895 0.0259718
0 0.529779 0.366638 0.212037 0.390261
0 0.660703 0.279587 0.1509 0.228821
2 0.489669 0.107087 0.0392552 0.0404804
0 0.0191533 0.204321 0.0380694 0.202515
