0 0.491183 0.48189 0.256812 0.377677
0 0.624527 0.319467 0.188856 0.264571
0 0.0173086 0.29846 0.033738 0.196085
2 0.450688 0.598745 0.0462648 0.0388866
0 0.0516451 0.21718 0.10329 0.174896
0 0.937641 0.224689 0.124718 0.152581
2 0.00369957 0.354318 0.00739914 0.0298898
0 0.491183 0.48189 0.256812 0.377677
0 0.624527 0.319467 0.188856 0.264571
0 0.0173086 0.29846 0.033738 0.196085
2 0.450688 0.598745 0.0462648 0.0388866
0 0.0516451 0.21718 0.10329 0.174896
0 0.937641 0.224689 0.124718 0.152581
2 0.00369957 0.354318 0.00739914 0.0298898
