0 0.683699 0.266027 0.142994 0.204462
0 0.187191 0.194681 0.218253 0.150146
0 0.648722 0.613884 0.585963 0.591278
0 0.0344235 0.300948 0.0683817 0.237737
2 0.852546 0.623698 0.0451096 0.0589498
2 0.661195 0.313738 0.0286209 0.0259513
0 0.181191 0.896278 0.362383 0.207444
0 0.189668 0.898373 0.378814 0.203254
2 0.0144753 0.363143 0.0273123 0.0274588
0 0.683699 0.266027 0.142994 0.204462
0 0.187191 0.194681 0.218253 0.150146
0 0.648722 0.613884 0.585963 0.591278
0 0.0344235 0.300948 0.0683817 0.237737
2 0.852546 0.623698 0.0451096 0.0589498
2 0.661195 0.313738 0.0286209 0.0259513
0 0.181191 0.896278 0.362383 0.207444
0 0.189668 0.898373 0.378814 0.203254
2 0.0144753 0.363143 0.0273123 0.0274588
