0 0.890443 0.778443 0.218129 0.443114
0 0.679661 0.281368 0.147173 0.202358
0 0.511386 0.186573 0.250516 0.182158
0 0.573903 0.378914 0.203623 0.288691
2 0.547282 0.388627 0.0413531 0.0349271
0 0.899042 0.104013 0.201916 0.199977
0 0.573358 0.378662 0.202712 0.29117
0 0.890443 0.778443 0.218129 0.443114
0 0.679661 0.281368 0.147173 0.202358
0 0.511386 0.186573 0.250516 0.182158
0 0.573903 0.378914 0.203623 0.288691
2 0.547282 0.388627 0.0413531 0.0349271
0 0.899042 0.104013 0.201916 0.199977
0 0.573358 0.378662 0.202712 0.29117
