0 0.576121 0.383812 0.197415 0.273717
0 0.869749 0.226267 0.229834 0.198837
0 0.382163 0.634917 0.329354 0.448276
2 0.314421 0.749404 0.0545132 0.0543614
2 0.551258 0.400342 0.0410736 0.0340451
2 0.78312 0.225197 0.0180373 0.0209472
0 0.0112487 0.32995 0.0219039 0.234733
0 0.383567 0.635995 0.328467 0.448541
0 0.0770798 0.928767 0.152236 0.142466
0 0.576121 0.383812 0.197415 0.273717
0 0.869749 0.226267 0.229834 0.198837
0 0.382163 0.634917 0.329354 0.448276
2 0.314421 0.749404 0.0545132 0.0543614
2 0.551258 0.400342 0.0410736 0.0340451
2 0.78312 0.225197 0.0180373 0.0209472
0 0.0112487 0.32995 0.0219039 0.234733
0 0.383567 0.635995 0.328467 0.448541
0 0.0770798 0.928767 0.152236 0.142466
