0 0.510135 0.410937 0.246349 0.355122
0 0.618588 0.267298 0.180912 0.255524
0 0.711822 0.742706 0.576357 0.514588
2 0.473066 0.491151 0.0431871 0.0364371
0 0.949282 0.172219 0.101436 0.17561
0 0.00801649 0.282352 0.016033 0.143444
0 0.926055 0.246044 0.147889 0.161134
0 0.510135 0.410937 0.246349 0.355122
0 0.618588 0.267298 0.180912 0.255524
0 0.711822 0.742706 0.576357 0.514588
2 0.473066 0.491151 0.0431871 0.0364371
0 0.949282 0.172219 0.101436 0.17561
0 0.00801649 0.282352 0.016033 0.143444
0 0.926055 0.246044 0.147889 0.161134
