0 0.680161 0.291583 0.161039 0.19022
0 0.197567 0.118182 0.253002 0.180806
2 0.65126 0.293205 0.0309787 0.0257468
0 0.375967 0.177557 0.257965 0.257658
0 0.0197873 0.234884 0.0389809 0.169564
0 0.962827 0.203062 0.0743456 0.190331
0 0.0284083 0.235793 0.0568166 0.174364
2 0.472159 0.196402 0.0266065 0.0286634
0 0.680161 0.291583 0.161039 0.19022
0 0.197567 0.118182 0.253002 0.180806
2 0.65126 0.293205 0.0309787 0.0257468
0 0.375967 0.177557 0.257965 0.257658
0 0.0197873 0.234884 0.0389809 0.169564
0 0.962827 0.203062 0.0743456 0.190331
0 0.0284083 0.235793 0.0568166 0.174364
2 0.472159 0.196402 0.0266065 0.0286634
