0 0.656823 0.295872 0.138777 0.200416
0 0.525186 0.375938 0.204538 0.396823
0 0.883779 0.771494 0.231086 0.447021
0 0.883064 0.212068 0.230563 0.192958
2 0.248293 0.732382 0.0613627 0.0559064
2 0.491518 0.446625 0.0445269 0.0331526
0 0.351253 0.666023 0.390696 0.460752
0 0.352781 0.665683 0.401481 0.456864
0 0.656823 0.295872 0.138777 0.200416
0 0.525186 0.375938 0.204538 0.396823
0 0.883779 0.771494 0.231086 0.447021
0 0.883064 0.212068 0.230563 0.192958
2 0.248293 0.732382 0.0613627 0.0559064
2 0.491518 0.446625 0.0445269 0.0331526
0 0.351253 0.666023 0.390696 0.460752
0 0.352781 0.665683 0.401481 0.456864
