0 0.549316 0.551978 0.346788 0.436378
0 0.571092 0.175102 0.184829 0.145505
0 0.73134 0.251222 0.0883908 0.162968
0 0.565376 0.296655 0.211181 0.203035
2 0.636835 0.587083 0.0550145 0.0473258
2 0.72764 0.290376 0.0256087 0.0235249
0 0.754386 0.250905 0.141514 0.186441
0 0.549316 0.551978 0.346788 0.436378
0 0.571092 0.175102 0.184829 0.145505
0 0.73134 0.251222 0.0883908 0.162968
0 0.565376 0.296655 0.211181 0.203035
2 0.636835 0.587083 0.0550145 0.0473258
2 0.72764 0.290376 0.0256087 0.0235249
0 0.754386 0.250905 0.141514 0.186441
