0 0.90705 0.812713 0.184208 0.374573
0 0.535452 0.487301 0.298451 0.492033
0 0.222375 0.775195 0.422155 0.44961
2 0.573597 0.5282 0.0563787 0.0421184
0 0.703823 0.221098 0.209474 0.278835
0 0.705759 0.232659 0.198932 0.25563
2 0.672619 0.254277 0.0309636 0.0271076
0 0.90705 0.812713 0.184208 0.374573
0 0.535452 0.487301 0.298451 0.492033
0 0.222375 0.775195 0.422155 0.44961
2 0.573597 0.5282 0.0563787 0.0421184
0 0.703823 0.221098 0.209474 0.278835
0 0.705759 0.232659 0.198932 0.25563
2 0.672619 0.254277 0.0309636 0.0271076
