0 0.562269 0.355513 0.146383 0.228576
0 0.33315 0.168326 0.214122 0.151503
0 0.43259 0.547763 0.271397 0.41366
0 0.737512 0.259323 0.140867 0.181429
0 0.701778 0.189302 0.191084 0.174232
2 0.706797 0.295511 0.0252337 0.0245117
2 0.558511 0.408829 0.0308562 0.028741
0 0.821969 0.16233 0.149103 0.137833
1 0.395521 0.848171 0.193091 0.300891
0 0.562269 0.355513 0.146383 0.228576
0 0.33315 0.168326 0.214122 0.151503
0 0.43259 0.547763 0.271397 0.41366
0 0.737512 0.259323 0.140867 0.181429
0 0.701778 0.189302 0.191084 0.174232
2 0.706797 0.295511 0.0252337 0.0245117
2 0.558511 0.408829 0.0308562 0.028741
0 0.821969 0.16233 0.149103 0.137833
1 0.395521 0.848171 0.193091 0.300891
