0 0.553187 0.508315 0.220583 0.325011
0 0.618021 0.291824 0.156546 0.20411
0 0.831953 0.764848 0.333493 0.470305
0 0.872196 0.225779 0.249763 0.204083
2 0.59107 0.298164 0.0302122 0.0244497
2 0.56535 0.610302 0.0487047 0.0399541
2 0.789122 0.205346 0.0208702 0.023631
0 0.553187 0.508315 0.220583 0.325011
0 0.618021 0.291824 0.156546 0.20411
0 0.831953 0.764848 0.333493 0.470305
0 0.872196 0.225779 0.249763 0.204083
2 0.59107 0.298164 0.0302122 0.0244497
2 0.56535 0.610302 0.0487047 0.0399541
2 0.789122 0.205346 0.0208702 0.023631
