0 0.686118 0.271616 0.165656 0.202594
0 0.241144 0.181832 0.190432 0.144186
0 0.751615 0.680619 0.49677 0.506223
0 0.041464 0.323779 0.0819106 0.274577
2 0.967883 0.798727 0.0443683 0.0604273
2 0.0176097 0.391187 0.0329277 0.0367318
2 0.649495 0.282429 0.0340811 0.0308562
2 0.016547 0.387406 0.0310738 0.0299515
0 0.686118 0.271616 0.165656 0.202594
0 0.241144 0.181832 0.190432 0.144186
0 0.751615 0.680619 0.49677 0.506223
0 0.041464 0.323779 0.0819106 0.274577
2 0.967883 0.798727 0.0443683 0.0604273
2 0.0176097 0.391187 0.0329277 0.0367318
2 0.649495 0.282429 0.0340811 0.0308562
2 0.016547 0.387406 0.0310738 0.0299515
