0 0.690543 0.285887 0.161645 0.227943
0 0.526279 0.466919 0.226012 0.317911
0 0.302966 0.20083 0.296032 0.18748
0 0.445916 0.17271 0.169841 0.145404
2 0.491029 0.550938 0.0464707 0.0429262
2 0.668851 0.293869 0.0338731 0.0295112
0 0.93035 0.808378 0.139299 0.383245
0 0.690543 0.285887 0.161645 0.227943
0 0.526279 0.466919 0.226012 0.317911
0 0.302966 0.20083 0.296032 0.18748
0 0.445916 0.17271 0.169841 0.145404
2 0.491029 0.550938 0.0464707 0.0429262
2 0.668851 0.293869 0.0338731 0.0295112
0 0.93035 0.808378 0.139299 0.383245
