0 0.384518 0.591587 0.350393 0.476791
0 0.633266 0.282557 0.218935 0.307549
0 0.169338 0.218984 0.215569 0.166405
0 0.801238 0.727418 0.388938 0.545165
2 0.595491 0.356063 0.0332505 0.032548
2 0.307676 0.653961 0.0618025 0.0594972
0 0.883964 0.118666 0.193209 0.232096
0 0.3843 0.589972 0.352779 0.471257
0 0.384518 0.591587 0.350393 0.476791
0 0.633266 0.282557 0.218935 0.307549
0 0.169338 0.218984 0.215569 0.166405
0 0.801238 0.727418 0.388938 0.545165
2 0.595491 0.356063 0.0332505 0.032548
2 0.307676 0.653961 0.0618025 0.0594972
0 0.883964 0.118666 0.193209 0.232096
0 0.3843 0.589972 0.352779 0.471257
