0 0.592493 0.327072 0.186786 0.293233
0 0.458608 0.500111 0.266578 0.328785
0 0.748562 0.759331 0.502876 0.481338
0 0.742105 0.258378 0.112468 0.194326
2 0.404623 0.536033 0.0511104 0.0417926
0 0.0551538 0.188406 0.109491 0.201489
0 0.926252 0.165982 0.147496 0.114187
2 0.561255 0.354857 0.0357274 0.0318854
2 0.733008 0.299689 0.0263867 0.0238276
2 0.732713 0.302374 0.0297912 0.0289747
0 0.592493 0.327072 0.186786 0.293233
0 0.458608 0.500111 0.266578 0.328785
0 0.748562 0.759331 0.502876 0.481338
0 0.742105 0.258378 0.112468 0.194326
2 0.404623 0.536033 0.0511104 0.0417926
0 0.0551538 0.188406 0.109491 0.201489
0 0.926252 0.165982 0.147496 0.114187
2 0.561255 0.354857 0.0357274 0.0318854
2 0.733008 0.299689 0.0263867 0.0238276
2 0.732713 0.302374 0.0297912 0.0289747
