0 0.559979 0.546426 0.311015 0.421539
0 0.327512 0.167788 0.239982 0.163199
0 0.971211 0.778093 0.0568355 0.443814
0 0.561025 0.249019 0.182405 0.230222
2 0.623392 0.566153 0.057915 0.0492557
0 0.0204644 0.327477 0.0405084 0.367828
0 0.503697 0.182128 0.124439 0.138542
0 0.559979 0.546426 0.311015 0.421539
0 0.327512 0.167788 0.239982 0.163199
0 0.971211 0.778093 0.0568355 0.443814
0 0.561025 0.249019 0.182405 0.230222
2 0.623392 0.566153 0.057915 0.0492557
0 0.0204644 0.327477 0.0405084 0.367828
0 0.503697 0.182128 0.124439 0.138542
