0 0.605386 0.329625 0.194406 0.277676
0 0.485662 0.548345 0.306122 0.514352
0 0.84405 0.731763 0.309726 0.536475
2 0.533567 0.626547 0.0623534 0.0540902
0 0.79624 0.211999 0.203356 0.226247
0 0.761895 0.211113 0.131763 0.211028
2 0.739047 0.233567 0.0268494 0.0253506
2 0.73882 0.238252 0.030149 0.03113
0 0.605386 0.329625 0.194406 0.277676
0 0.485662 0.548345 0.306122 0.514352
0 0.84405 0.731763 0.309726 0.536475
2 0.533567 0.626547 0.0623534 0.0540902
0 0.79624 0.211999 0.203356 0.226247
0 0.761895 0.211113 0.131763 0.211028
2 0.739047 0.233567 0.0268494 0.0253506
2 0.73882 0.238252 0.030149 0.03113
