0 0.454192 0.526173 0.272272 0.357158
0 0.731795 0.264496 0.138674 0.203479
0 0.58771 0.355 0.184251 0.246244
2 0.403913 0.617982 0.0504299 0.0438141
2 0.55703 0.362989 0.0368135 0.0287134
2 0.706806 0.31238 0.0262155 0.0237071
0 0.980348 0.82112 0.0391633 0.357759
0 0.454192 0.526173 0.272272 0.357158
0 0.731795 0.264496 0.138674 0.203479
0 0.58771 0.355 0.184251 0.246244
2 0.403913 0.617982 0.0504299 0.0438141
2 0.55703 0.362989 0.0368135 0.0287134
2 0.706806 0.31238 0.0262155 0.0237071
0 0.980348 0.82112 0.0391633 0.357759
