0 0.681812 0.258984 0.195016 0.228603
0 0.501716 0.201894 0.200651 0.167203
0 0.318682 0.659026 0.362381 0.503338
0 0.504152 0.381543 0.210814 0.308395
2 0.637327 0.267879 0.031349 0.027609
2 0.224908 0.772859 0.0535851 0.0511817
2 0.478544 0.481661 0.0422958 0.0418848
0 0.681812 0.258984 0.195016 0.228603
0 0.501716 0.201894 0.200651 0.167203
0 0.318682 0.659026 0.362381 0.503338
0 0.504152 0.381543 0.210814 0.308395
2 0.637327 0.267879 0.031349 0.027609
2 0.224908 0.772859 0.0535851 0.0511817
2 0.478544 0.481661 0.0422958 0.0418848
