0 0.465345 0.516859 0.289709 0.360143
0 0.569397 0.36789 0.201056 0.303353
0 0.0409262 0.279424 0.0808275 0.292389
0 0.750465 0.732923 0.49907 0.534154
0 0.127647 0.934542 0.249461 0.130916
0 0.623024 0.17667 0.221459 0.119262
2 0.0152066 0.373319 0.0294666 0.031453
0 0.684332 0.273961 0.0939833 0.173681
2 0.418604 0.548416 0.0568224 0.0475455
2 0.417788 0.545519 0.0516982 0.041384
0 0.464352 0.524407 0.289098 0.374712
0 0.465345 0.516859 0.289709 0.360143
0 0.569397 0.36789 0.201056 0.303353
0 0.0409262 0.279424 0.0808275 0.292389
0 0.750465 0.732923 0.49907 0.534154
0 0.127647 0.934542 0.249461 0.130916
0 0.623024 0.17667 0.221459 0.119262
2 0.0152066 0.373319 0.0294666 0.031453
0 0.684332 0.273961 0.0939833 0.173681
2 0.418604 0.548416 0.0568224 0.0475455
2 0.417788 0.545519 0.0516982 0.041384
0 0.464352 0.524407 0.289098 0.374712
