0 0.565064 0.389129 0.184664 0.263478
0 0.365911 0.573632 0.351982 0.461871
0 0.620314 0.276908 0.143423 0.208067
0 0.767343 0.738717 0.465314 0.522565
2 0.539478 0.403209 0.0400051 0.0333936
2 0.284692 0.65709 0.0571038 0.0597672
0 0.0587053 0.222724 0.116576 0.207886
0 0.0203498 0.316637 0.0401854 0.381205
0 0.565064 0.389129 0.184664 0.263478
0 0.365911 0.573632 0.351982 0.461871
0 0.620314 0.276908 0.143423 0.208067
0 0.767343 0.738717 0.465314 0.522565
2 0.539478 0.403209 0.0400051 0.0333936
2 0.284692 0.65709 0.0571038 0.0597672
0 0.0587053 0.222724 0.116576 0.207886
0 0.0203498 0.316637 0.0401854 0.381205
