0 0.568287 0.323602 0.270923 0.443231
0 0.229489 0.738205 0.458978 0.523591
2 0.0744873 0.829076 0.0600687 0.0650783
0 0.0442881 0.260977 0.0884531 0.208689
0 0.0401312 0.253046 0.079404 0.223474
2 0.488083 0.392593 0.0446229 0.0394888
2 0.488878 0.388198 0.0396393 0.0332201
0 0.568287 0.323602 0.270923 0.443231
0 0.229489 0.738205 0.458978 0.523591
2 0.0744873 0.829076 0.0600687 0.0650783
0 0.0442881 0.260977 0.0884531 0.208689
0 0.0401312 0.253046 0.079404 0.223474
2 0.488083 0.392593 0.0446229 0.0394888
2 0.488878 0.388198 0.0396393 0.0332201
