0 0.360342 0.599742 0.326923 0.45454
0 0.753799 0.736697 0.492401 0.526606
0 0.58678 0.372979 0.234779 0.358792
0 0.173523 0.171431 0.259743 0.183888
2 0.295136 0.748788 0.055345 0.0521288
0 0.154302 0.880582 0.308604 0.236892
2 0.546931 0.480582 0.0425036 0.0385468
2 0.546728 0.477361 0.0395989 0.0318777
0 0.360342 0.599742 0.326923 0.45454
0 0.753799 0.736697 0.492401 0.526606
0 0.58678 0.372979 0.234779 0.358792
0 0.173523 0.171431 0.259743 0.183888
2 0.295136 0.748788 0.055345 0.0521288
0 0.154302 0.880582 0.308604 0.236892
2 0.546931 0.480582 0.0425036 0.0385468
2 0.546728 0.477361 0.0395989 0.0318777
