0 0.57094 0.337025 0.223803 0.28463
0 0.849425 0.230206 0.218887 0.186363
0 0.703824 0.693054 0.55514 0.583774
2 0.896063 0.698026 0.0451481 0.0515655
2 0.76969 0.247433 0.0203603 0.0213559
2 0.537913 0.414562 0.0510796 0.0412724
2 0.53652 0.411985 0.0452891 0.0360011
0 0.0789907 0.887336 0.157171 0.225327
0 0.57094 0.337025 0.223803 0.28463
0 0.849425 0.230206 0.218887 0.186363
0 0.703824 0.693054 0.55514 0.583774
2 0.896063 0.698026 0.0451481 0.0515655
2 0.76969 0.247433 0.0203603 0.0213559
2 0.537913 0.414562 0.0510796 0.0412724
2 0.53652 0.411985 0.0452891 0.0360011
0 0.0789907 0.887336 0.157171 0.225327
