0 0.554827 0.549106 0.338687 0.417492
0 0.667882 0.287044 0.159021 0.189591
0 0.0618938 0.82602 0.12373 0.34796
2 0.637141 0.287165 0.0297803 0.026238
2 0.633391 0.658144 0.0568953 0.051695
2 0.638991 0.288703 0.0305686 0.026994
0 0.784449 0.28088 0.0856907 0.133014
0 0.554827 0.549106 0.338687 0.417492
0 0.667882 0.287044 0.159021 0.189591
0 0.0618938 0.82602 0.12373 0.34796
2 0.637141 0.287165 0.0297803 0.026238
2 0.633391 0.658144 0.0568953 0.051695
2 0.638991 0.288703 0.0305686 0.026994
0 0.784449 0.28088 0.0856907 0.133014
