0 0.540997 0.486951 0.215356 0.348357
0 0.390965 0.160128 0.201999 0.175934
0 0.614914 0.201001 0.256745 0.39377
2 0.548256 0.504311 0.0540878 0.041037
2 0.555014 0.240748 0.0382033 0.0375941
0 0.01027 0.2661 0.0202058 0.151722
2 0.547321 0.499845 0.0487224 0.0353905
0 0.540997 0.486951 0.215356 0.348357
0 0.390965 0.160128 0.201999 0.175934
0 0.614914 0.201001 0.256745 0.39377
2 0.548256 0.504311 0.0540878 0.041037
2 0.555014 0.240748 0.0382033 0.0375941
0 0.01027 0.2661 0.0202058 0.151722
2 0.547321 0.499845 0.0487224 0.0353905
