0 0.66043 0.267166 0.183292 0.245606
0 0.743607 0.167487 0.157848 0.140269
0 0.575331 0.395122 0.174071 0.236105
0 0.664613 0.696572 0.387822 0.606857
0 0.92918 0.220853 0.141639 0.173529
2 0.566023 0.42265 0.0361298 0.0304354
2 0.777263 0.709626 0.0472966 0.0452819
0 0.66043 0.267166 0.183292 0.245606
0 0.743607 0.167487 0.157848 0.140269
0 0.575331 0.395122 0.174071 0.236105
0 0.664613 0.696572 0.387822 0.606857
0 0.92918 0.220853 0.141639 0.173529
2 0.566023 0.42265 0.0361298 0.0304354
2 0.777263 0.709626 0.0472966 0.0452819
