0 0.611594 0.30793 0.189387 0.280313
0 0.419462 0.533354 0.318382 0.411954
2 0.589606 0.364894 0.0356726 0.0295807
0 0.738028 0.253942 0.120919 0.174539
0 0.0347393 0.266776 0.0687047 0.214952
2 0.350355 0.586581 0.0559522 0.0462357
2 0.0188829 0.296848 0.0219369 0.0241159
0 0.611594 0.30793 0.189387 0.280313
0 0.419462 0.533354 0.318382 0.411954
2 0.589606 0.364894 0.0356726 0.0295807
0 0.738028 0.253942 0.120919 0.174539
0 0.0347393 0.266776 0.0687047 0.214952
2 0.350355 0.586581 0.0559522 0.0462357
2 0.0188829 0.296848 0.0219369 0.0241159
