0 0.43678 0.51043 0.289392 0.354816
0 0.657796 0.27501 0.152757 0.204371
0 0.82216 0.794293 0.349297 0.411414
0 0.240541 0.764401 0.448698 0.471198
0 0.545494 0.368017 0.178368 0.262449
0 0.0502209 0.211229 0.0995541 0.18176
2 0.642108 0.321 0.0240271 0.0226259
2 0.38701 0.575403 0.0418312 0.0358168
0 0.43678 0.51043 0.289392 0.354816
0 0.657796 0.27501 0.152757 0.204371
0 0.82216 0.794293 0.349297 0.411414
0 0.240541 0.764401 0.448698 0.471198
0 0.545494 0.368017 0.178368 0.262449
0 0.0502209 0.211229 0.0995541 0.18176
2 0.642108 0.321 0.0240271 0.0226259
2 0.38701 0.575403 0.0418312 0.0358168
