0 0.653686 0.270313 0.15821 0.227161
0 0.560117 0.416884 0.184413 0.330854
0 0.778907 0.713876 0.442185 0.572248
0 0.803965 0.193015 0.205578 0.216
2 0.531202 0.48563 0.0465869 0.0363101
0 0.95821 0.144839 0.0832217 0.0883574
0 0.956359 0.148453 0.0872819 0.109504
0 0.653686 0.270313 0.15821 0.227161
0 0.560117 0.416884 0.184413 0.330854
0 0.778907 0.713876 0.442185 0.572248
0 0.803965 0.193015 0.205578 0.216
2 0.531202 0.48563 0.0465869 0.0363101
0 0.95821 0.144839 0.0832217 0.0883574
0 0.956359 0.148453 0.0872819 0.109504
