0 0.503561 0.435611 0.289342 0.39535
0 0.324679 0.176527 0.149733 0.136256
0 0.66932 0.292452 0.15321 0.208357
0 0.219808 0.713714 0.417056 0.572572
2 0.461745 0.528989 0.0520069 0.0432141
0 0.746284 0.808187 0.495744 0.380055
0 0.668863 0.294069 0.153822 0.204712
0 0.503561 0.435611 0.289342 0.39535
0 0.324679 0.176527 0.149733 0.136256
0 0.66932 0.292452 0.15321 0.208357
0 0.219808 0.713714 0.417056 0.572572
2 0.461745 0.528989 0.0520069 0.0432141
0 0.746284 0.808187 0.495744 0.380055
0 0.668863 0.294069 0.153822 0.204712
