0 0.71 0.265798 0.159386 0.20475
0 0.314479 0.178789 0.200019 0.153218
0 0.948601 0.802498 0.102727 0.395005
0 0.534346 0.516943 0.30892 0.542957
2 0.676784 0.312595 0.0265101 0.024857
0 0.885149 0.200301 0.229702 0.220713
2 0.588326 0.676307 0.0553873 0.0530116
0 0.889838 0.17135 0.220324 0.161932
0 0.71 0.265798 0.159386 0.20475
0 0.314479 0.178789 0.200019 0.153218
0 0.948601 0.802498 0.102727 0.395005
0 0.534346 0.516943 0.30892 0.542957
2 0.676784 0.312595 0.0265101 0.024857
0 0.885149 0.200301 0.229702 0.220713
2 0.588326 0.676307 0.0553873 0.0530116
0 0.889838 0.17135 0.220324 0.161932
