0 0.635516 0.296512 0.163513 0.201682
0 0.448294 0.598378 0.336931 0.400886
2 0.36707 0.629753 0.0613026 0.0583661
0 0.0565288 0.180766 0.112964 0.174063
2 0.605495 0.338376 0.0319508 0.0268592
0 0.840475 0.21336 0.204569 0.185242
0 0.850255 0.219033 0.237113 0.192211
0 0.635516 0.296512 0.163513 0.201682
0 0.448294 0.598378 0.336931 0.400886
2 0.36707 0.629753 0.0613026 0.0583661
0 0.0565288 0.180766 0.112964 0.174063
2 0.605495 0.338376 0.0319508 0.0268592
0 0.840475 0.21336 0.204569 0.185242
0 0.850255 0.219033 0.237113 0.192211
