0 0.359443 0.5597 0.39753 0.494173
0 0.172258 0.190544 0.216929 0.157997
0 0.786058 0.238456 0.175045 0.191191
0 0.82223 0.789217 0.352207 0.421566
0 0.735471 0.151124 0.154127 0.13093
2 0.743034 0.244189 0.0276357 0.0246059
0 0.737859 0.150577 0.159817 0.128096
0 0.359443 0.5597 0.39753 0.494173
0 0.172258 0.190544 0.216929 0.157997
0 0.786058 0.238456 0.175045 0.191191
0 0.82223 0.789217 0.352207 0.421566
0 0.735471 0.151124 0.154127 0.13093
2 0.743034 0.244189 0.0276357 0.0246059
0 0.737859 0.150577 0.159817 0.128096
