0 0.635187 0.268902 0.174018 0.213507
0 0.186035 0.806526 0.365041 0.386948
0 0.140657 0.166751 0.225508 0.145473
0 0.197744 0.812565 0.388069 0.37487
0 0.0333828 0.25692 0.0664188 0.178058
2 0.597079 0.282258 0.0313517 0.0284051
2 0.00595468 0.272558 0.0119094 0.0269891
0 0.635187 0.268902 0.174018 0.213507
0 0.186035 0.806526 0.365041 0.386948
0 0.140657 0.166751 0.225508 0.145473
0 0.197744 0.812565 0.388069 0.37487
0 0.0333828 0.25692 0.0664188 0.178058
2 0.597079 0.282258 0.0313517 0.0284051
2 0.00595468 0.272558 0.0119094 0.0269891
