0 0.596247 0.362185 0.186925 0.265164
0 0.384157 0.21882 0.208427 0.156039
0 0.67239 0.273963 0.145719 0.194211
0 0.93323 0.151934 0.133541 0.121789
2 0.576283 0.378752 0.0388227 0.0304861
0 0.781528 0.677579 0.436945 0.579694
0 0.212872 0.196626 0.169538 0.174794
0 0.21503 0.196089 0.173485 0.172502
0 0.596247 0.362185 0.186925 0.265164
0 0.384157 0.21882 0.208427 0.156039
0 0.67239 0.273963 0.145719 0.194211
0 0.93323 0.151934 0.133541 0.121789
2 0.576283 0.378752 0.0388227 0.0304861
0 0.781528 0.677579 0.436945 0.579694
0 0.212872 0.196626 0.169538 0.174794
0 0.21503 0.196089 0.173485 0.172502
