0 0.558587 0.359019 0.177524 0.279392
0 0.601003 0.130241 0.252419 0.240509
0 0.0845362 0.184578 0.169072 0.150055
2 0.541875 0.420055 0.0361868 0.033292
0 0.896653 0.119006 0.206694 0.231563
0 0.0172649 0.252577 0.0337302 0.198493
2 0.0168849 0.287332 0.0202244 0.0248969
0 0.558587 0.359019 0.177524 0.279392
0 0.601003 0.130241 0.252419 0.240509
0 0.0845362 0.184578 0.169072 0.150055
2 0.541875 0.420055 0.0361868 0.033292
0 0.896653 0.119006 0.206694 0.231563
0 0.0172649 0.252577 0.0337302 0.198493
2 0.0168849 0.287332 0.0202244 0.0248969
