0 0.554437 0.375592 0.191493 0.321448
0 0.370933 0.217474 0.231176 0.157342
0 0.383534 0.655755 0.364594 0.499168
0 0.622222 0.250005 0.130992 0.202922
0 0.848419 0.208734 0.226879 0.213711
2 0.316469 0.773367 0.0634689 0.0559334
0 0.0816011 0.16948 0.163202 0.287912
0 0.304053 0.141896 0.174841 0.114573
2 0.550455 0.45875 0.0450328 0.0354358
0 0.554437 0.375592 0.191493 0.321448
0 0.370933 0.217474 0.231176 0.157342
0 0.383534 0.655755 0.364594 0.499168
0 0.622222 0.250005 0.130992 0.202922
0 0.848419 0.208734 0.226879 0.213711
2 0.316469 0.773367 0.0634689 0.0559334
0 0.0816011 0.16948 0.163202 0.287912
0 0.304053 0.141896 0.174841 0.114573
2 0.550455 0.45875 0.0450328 0.0354358
