0 0.518655 0.375762 0.202788 0.337959
0 0.681343 0.261172 0.173165 0.249768
0 0.344651 0.20911 0.19278 0.16848
0 0.483662 0.15682 0.198704 0.143223
0 0.484203 0.155933 0.200497 0.145616
2 0.509896 0.395429 0.0482739 0.0401707
2 0.653113 0.311142 0.0336789 0.0309208
0 0.933002 0.219814 0.133996 0.196738
0 0.518655 0.375762 0.202788 0.337959
0 0.681343 0.261172 0.173165 0.249768
0 0.344651 0.20911 0.19278 0.16848
0 0.483662 0.15682 0.198704 0.143223
0 0.484203 0.155933 0.200497 0.145616
2 0.509896 0.395429 0.0482739 0.0401707
2 0.653113 0.311142 0.0336789 0.0309208
0 0.933002 0.219814 0.133996 0.196738
