0 0.549163 0.431209 0.208602 0.291165
0 0.70886 0.276195 0.154302 0.201493
2 0.521115 0.509636 0.0433235 0.0349516
0 0.0764241 0.190758 0.152848 0.156993
0 0.440033 0.812439 0.641958 0.364123
0 0.0789529 0.190649 0.157715 0.159075
0 0.0201966 0.372341 0.0400189 0.293362
2 0.676784 0.277917 0.0262236 0.0227701
2 0.675979 0.281865 0.0295095 0.0277676
0 0.549163 0.431209 0.208602 0.291165
0 0.70886 0.276195 0.154302 0.201493
2 0.521115 0.509636 0.0433235 0.0349516
0 0.0764241 0.190758 0.152848 0.156993
0 0.440033 0.812439 0.641958 0.364123
0 0.0789529 0.190649 0.157715 0.159075
0 0.0201966 0.372341 0.0400189 0.293362
2 0.676784 0.277917 0.0262236 0.0227701
2 0.675979 0.281865 0.0295095 0.0277676
