0 0.594751 0.594284 0.304317 0.411043
0 0.556259 0.164706 0.295039 0.244819
0 0.732158 0.2735 0.118806 0.177116
0 0.612851 0.326355 0.205605 0.220222
2 0.653289 0.708285 0.0542563 0.0470928
2 0.577577 0.374622 0.0381779 0.0326392
0 0.773719 0.16439 0.166444 0.132246
0 0.0470107 0.189205 0.0934068 0.166308
0 0.594751 0.594284 0.304317 0.411043
0 0.556259 0.164706 0.295039 0.244819
0 0.732158 0.2735 0.118806 0.177116
0 0.612851 0.326355 0.205605 0.220222
2 0.653289 0.708285 0.0542563 0.0470928
2 0.577577 0.374622 0.0381779 0.0326392
0 0.773719 0.16439 0.166444 0.132246
0 0.0470107 0.189205 0.0934068 0.166308
