0 0.680166 0.27996 0.158412 0.190604
0 0.33669 0.633166 0.388094 0.439511
0 0.664282 0.175921 0.197914 0.150846
0 0.141442 0.161584 0.206545 0.142739
2 0.224323 0.68677 0.0548333 0.0510646
2 0.653554 0.321213 0.0298928 0.0251066
0 0.318124 0.182079 0.122702 0.245598
2 0.335436 0.189688 0.0270658 0.0281104
0 0.20092 0.189384 0.350189 0.23658
0 0.680166 0.27996 0.158412 0.190604
0 0.33669 0.633166 0.388094 0.439511
0 0.664282 0.175921 0.197914 0.150846
0 0.141442 0.161584 0.206545 0.142739
2 0.224323 0.68677 0.0548333 0.0510646
2 0.653554 0.321213 0.0298928 0.0251066
0 0.318124 0.182079 0.122702 0.245598
2 0.335436 0.189688 0.0270658 0.0281104
0 0.20092 0.189384 0.350189 0.23658
