0 0.558187 0.392326 0.187773 0.271109
0 0.366879 0.182754 0.221022 0.143827
0 0.709138 0.272051 0.181282 0.227382
1 0.714914 0.55544 0.112504 0.236621
2 0.526875 0.401754 0.0437588 0.0406761
0 0.806562 0.170392 0.1818 0.147908
0 0.0183154 0.277781 0.0359788 0.187762
2 0.00608449 0.306879 0.012169 0.024534
2 0.66632 0.283123 0.0309892 0.0293828
1 0.586212 0.590837 0.10819 0.203169
0 0.809998 0.169938 0.180828 0.143769
0 0.558187 0.392326 0.187773 0.271109
0 0.366879 0.182754 0.221022 0.143827
0 0.709138 0.272051 0.181282 0.227382
1 0.714914 0.55544 0.112504 0.236621
2 0.526875 0.401754 0.0437588 0.0406761
0 0.806562 0.170392 0.1818 0.147908
0 0.0183154 0.277781 0.0359788 0.187762
2 0.00608449 0.306879 0.012169 0.024534
2 0.66632 0.283123 0.0309892 0.0293828
1 0.586212 0.590837 0.10819 0.203169
0 0.809998 0.169938 0.180828 0.143769
