0 0.581123 0.553996 0.284029 0.409666
0 0.357283 0.176646 0.178695 0.141696
0 0.668324 0.262361 0.132262 0.159494
0 0.618602 0.327338 0.181759 0.209894
2 0.62267 0.596986 0.0576086 0.0468208
0 0.24817 0.796133 0.49634 0.407735
0 0.23374 0.79764 0.449939 0.401671
0 0.581123 0.553996 0.284029 0.409666
0 0.357283 0.176646 0.178695 0.141696
0 0.668324 0.262361 0.132262 0.159494
0 0.618602 0.327338 0.181759 0.209894
2 0.62267 0.596986 0.0576086 0.0468208
0 0.24817 0.796133 0.49634 0.407735
0 0.23374 0.79764 0.449939 0.401671
