0 0.631909 0.307853 0.170078 0.249404
0 0.5415 0.503273 0.22664 0.344075
0 0.909388 0.806332 0.180043 0.387337
0 0.805777 0.207986 0.193852 0.184815
0 0.0601986 0.156753 0.120215 0.308741
2 0.607749 0.319528 0.0357947 0.0291717
2 0.569651 0.546218 0.0529614 0.0448343
2 0.570803 0.54826 0.0581052 0.0506912
0 0.631909 0.307853 0.170078 0.249404
0 0.5415 0.503273 0.22664 0.344075
0 0.909388 0.806332 0.180043 0.387337
0 0.805777 0.207986 0.193852 0.184815
0 0.0601986 0.156753 0.120215 0.308741
2 0.607749 0.319528 0.0357947 0.0291717
2 0.569651 0.546218 0.0529614 0.0448343
2 0.570803 0.54826 0.0581052 0.0506912
