0 0.151721 0.848823 0.301401 0.302354
0 0.562719 0.627072 0.364816 0.485073
0 0.729687 0.229012 0.167331 0.212414
0 0.594714 0.334106 0.1731 0.176582
2 0.656944 0.645812 0.0667784 0.0629849
2 0.685678 0.265563 0.027819 0.0264572
2 0.576745 0.387366 0.0353021 0.0274323
0 0.151721 0.848823 0.301401 0.302354
0 0.562719 0.627072 0.364816 0.485073
0 0.729687 0.229012 0.167331 0.212414
0 0.594714 0.334106 0.1731 0.176582
2 0.656944 0.645812 0.0667784 0.0629849
2 0.685678 0.265563 0.027819 0.0264572
2 0.576745 0.387366 0.0353021 0.0274323
