0 0.594196 0.353525 0.171487 0.2449
0 0.722125 0.277457 0.140862 0.18746
0 0.0416509 0.27504 0.0828783 0.295662
0 0.326677 0.144985 0.229167 0.286184
2 0.571346 0.372152 0.0395836 0.0327291
2 0.0149157 0.354701 0.0290092 0.0277427
2 0.695358 0.289792 0.027102 0.0242295
0 0.594196 0.353525 0.171487 0.2449
0 0.722125 0.277457 0.140862 0.18746
0 0.0416509 0.27504 0.0828783 0.295662
0 0.326677 0.144985 0.229167 0.286184
2 0.571346 0.372152 0.0395836 0.0327291
2 0.0149157 0.354701 0.0290092 0.0277427
2 0.695358 0.289792 0.027102 0.0242295
