0 0.527491 0.322483 0.172719 0.223702
0 0.130968 0.187993 0.200132 0.141315
0 0.604053 0.587286 0.438364 0.417879
0 0.858021 0.161835 0.246324 0.199383
0 0.667108 0.283462 0.175267 0.187615
2 0.732606 0.630355 0.0499311 0.0448551
2 0.630077 0.318074 0.0294336 0.0276789
0 0.69775 0.192385 0.2207 0.158678
0 0.673206 0.183541 0.186851 0.131051
0 0.527491 0.322483 0.172719 0.223702
0 0.130968 0.187993 0.200132 0.141315
0 0.604053 0.587286 0.438364 0.417879
0 0.858021 0.161835 0.246324 0.199383
0 0.667108 0.283462 0.175267 0.187615
2 0.732606 0.630355 0.0499311 0.0448551
2 0.630077 0.318074 0.0294336 0.0276789
0 0.69775 0.192385 0.2207 0.158678
0 0.673206 0.183541 0.186851 0.131051
