0 0.582541 0.537498 0.271756 0.370367
0 0.606186 0.306001 0.153662 0.167729
0 0.87134 0.806473 0.256803 0.387054
0 0.716995 0.220106 0.179178 0.169311
2 0.633477 0.642986 0.0561496 0.0455648
2 0.658605 0.2199 0.019854 0.0190098
2 0.588324 0.351111 0.0348013 0.0242696
0 0.582541 0.537498 0.271756 0.370367
0 0.606186 0.306001 0.153662 0.167729
0 0.87134 0.806473 0.256803 0.387054
0 0.716995 0.220106 0.179178 0.169311
2 0.633477 0.642986 0.0561496 0.0455648
2 0.658605 0.2199 0.019854 0.0190098
2 0.588324 0.351111 0.0348013 0.0242696
