0 0.648132 0.282326 0.157865 0.224873
0 0.647389 0.613904 0.369351 0.459346
0 0.559108 0.372714 0.200742 0.21994
0 0.0630405 0.190754 0.126081 0.151392
2 0.755127 0.727781 0.0534318 0.0519441
2 0.533535 0.418038 0.0383625 0.0308026
0 0.921246 0.146587 0.157509 0.137602
0 0.886737 0.222343 0.226525 0.175906
0 0.0202234 0.276452 0.0395494 0.209747
2 0.0154492 0.32495 0.0235036 0.0250896
2 0.0153579 0.321369 0.022456 0.020817
0 0.887369 0.222747 0.225216 0.1737
0 0.648132 0.282326 0.157865 0.224873
0 0.647389 0.613904 0.369351 0.459346
0 0.559108 0.372714 0.200742 0.21994
0 0.0630405 0.190754 0.126081 0.151392
2 0.755127 0.727781 0.0534318 0.0519441
2 0.533535 0.418038 0.0383625 0.0308026
0 0.921246 0.146587 0.157509 0.137602
0 0.886737 0.222343 0.226525 0.175906
0 0.0202234 0.276452 0.0395494 0.209747
2 0.0154492 0.32495 0.0235036 0.0250896
2 0.0153579 0.321369 0.022456 0.020817
0 0.887369 0.222747 0.225216 0.1737
