0 0.665379 0.301481 0.170212 0.223581
0 0.59535 0.509491 0.225611 0.343466
0 0.517368 0.20265 0.214944 0.173965
0 0.239717 0.712945 0.479434 0.574109
0 0.927019 0.219237 0.145962 0.184234
2 0.617261 0.55129 0.0528602 0.0384186
0 0.034008 0.184319 0.0671834 0.176911
0 0.665379 0.301481 0.170212 0.223581
0 0.59535 0.509491 0.225611 0.343466
0 0.517368 0.20265 0.214944 0.173965
0 0.239717 0.712945 0.479434 0.574109
0 0.927019 0.219237 0.145962 0.184234
2 0.617261 0.55129 0.0528602 0.0384186
0 0.034008 0.184319 0.0671834 0.176911
