0 0.649136 0.266897 0.184399 0.247621
0 0.496467 0.42929 0.182094 0.282501
0 0.310645 0.148605 0.241901 0.195175
0 0.75959 0.701922 0.480821 0.594959
0 0.0573983 0.246528 0.114084 0.242971
2 0.616992 0.313663 0.0331311 0.0322783
2 0.500962 0.467928 0.0463396 0.0368953
0 0.649136 0.266897 0.184399 0.247621
0 0.496467 0.42929 0.182094 0.282501
0 0.310645 0.148605 0.241901 0.195175
0 0.75959 0.701922 0.480821 0.594959
0 0.0573983 0.246528 0.114084 0.242971
2 0.616992 0.313663 0.0331311 0.0322783
2 0.500962 0.467928 0.0463396 0.0368953
