0 0.381158 0.58555 0.374918 0.425829
0 0.60422 0.367003 0.173846 0.245848
0 0.72371 0.252934 0.148246 0.187568
0 0.815699 0.750635 0.36741 0.49873
2 0.278935 0.6274 0.05302 0.0497991
2 0.58299 0.44327 0.0373408 0.030751
2 0.690054 0.261726 0.0263928 0.0218738
0 0.381158 0.58555 0.374918 0.425829
0 0.60422 0.367003 0.173846 0.245848
0 0.72371 0.252934 0.148246 0.187568
0 0.815699 0.750635 0.36741 0.49873
2 0.278935 0.6274 0.05302 0.0497991
2 0.58299 0.44327 0.0373408 0.030751
2 0.690054 0.261726 0.0263928 0.0218738
