0 0.621464 0.33071 0.156241 0.214495
0 0.394731 0.607489 0.369922 0.442756
0 0.59089 0.168567 0.208966 0.153006
0 0.866748 0.78873 0.264142 0.42254
0 0.89463 0.211707 0.21074 0.187192
2 0.290521 0.711723 0.0549766 0.0491518
2 0.594562 0.386591 0.0284659 0.0261583
0 0.00769172 0.319859 0.0152481 0.182683
0 0.621464 0.33071 0.156241 0.214495
0 0.394731 0.607489 0.369922 0.442756
0 0.59089 0.168567 0.208966 0.153006
0 0.866748 0.78873 0.264142 0.42254
0 0.89463 0.211707 0.21074 0.187192
2 0.290521 0.711723 0.0549766 0.0491518
2 0.594562 0.386591 0.0284659 0.0261583
0 0.00769172 0.319859 0.0152481 0.182683
