0 0.58245 0.608978 0.320345 0.396163
0 0.583044 0.342804 0.172191 0.195943
0 0.266767 0.183118 0.191554 0.148717
0 0.666407 0.227429 0.197779 0.307261
2 0.565816 0.398949 0.0405722 0.035537
2 0.646927 0.64126 0.0591034 0.0500353
1 0.42505 0.929536 0.196727 0.140929
0 0.58245 0.608978 0.320345 0.396163
0 0.583044 0.342804 0.172191 0.195943
0 0.266767 0.183118 0.191554 0.148717
0 0.666407 0.227429 0.197779 0.307261
2 0.565816 0.398949 0.0405722 0.035537
2 0.646927 0.64126 0.0591034 0.0500353
1 0.42505 0.929536 0.196727 0.140929
