0 0.569039 0.333897 0.223464 0.331639
0 0.468518 0.60082 0.295588 0.42369
0 0.899188 0.788396 0.200818 0.423209
0 0.807145 0.207295 0.242975 0.217383
2 0.523442 0.707221 0.059289 0.0579076
2 0.536097 0.394606 0.043816 0.0383846
0 0.0499732 0.297428 0.0989553 0.306299
2 0.0223776 0.39395 0.0288534 0.0314069
2 0.729879 0.242168 0.0250273 0.0256689
0 0.569039 0.333897 0.223464 0.331639
0 0.468518 0.60082 0.295588 0.42369
0 0.899188 0.788396 0.200818 0.423209
0 0.807145 0.207295 0.242975 0.217383
2 0.523442 0.707221 0.059289 0.0579076
2 0.536097 0.394606 0.043816 0.0383846
0 0.0499732 0.297428 0.0989553 0.306299
2 0.0223776 0.39395 0.0288534 0.0314069
2 0.729879 0.242168 0.0250273 0.0256689
