0 0.427547 0.594022 0.387629 0.468463
0 0.628361 0.395484 0.174612 0.297153
0 0.781145 0.761591 0.436483 0.476818
0 0.726273 0.253914 0.153454 0.266876
2 0.62139 0.409209 0.039255 0.0299643
2 0.322976 0.700351 0.0556511 0.0624407
0 0.0250108 0.216125 0.0498973 0.178399
0 0.427547 0.594022 0.387629 0.468463
0 0.628361 0.395484 0.174612 0.297153
0 0.781145 0.761591 0.436483 0.476818
0 0.726273 0.253914 0.153454 0.266876
2 0.62139 0.409209 0.039255 0.0299643
2 0.322976 0.700351 0.0556511 0.0624407
0 0.0250108 0.216125 0.0498973 0.178399
