0 0.34518 0.662602 0.366484 0.466048
0 0.884975 0.796943 0.228734 0.406113
0 0.57403 0.376695 0.1849 0.345366
0 0.0570869 0.209968 0.113653 0.158376
0 0.628076 0.259553 0.185216 0.202552
2 0.259194 0.812111 0.0623477 0.0627047
0 0.0583185 0.21043 0.116389 0.160572
0 0.34518 0.662602 0.366484 0.466048
0 0.884975 0.796943 0.228734 0.406113
0 0.57403 0.376695 0.1849 0.345366
0 0.0570869 0.209968 0.113653 0.158376
0 0.628076 0.259553 0.185216 0.202552
2 0.259194 0.812111 0.0623477 0.0627047
0 0.0583185 0.21043 0.116389 0.160572
