0 0.610574 0.325307 0.170762 0.189836
0 0.583185 0.587905 0.340232 0.417164
0 0.666254 0.174671 0.131558 0.133723
2 0.661895 0.710398 0.0582371 0.0520701
2 0.580655 0.351232 0.0322677 0.0263441
2 0.723026 0.240324 0.0246643 0.0241824
0 0.748081 0.234005 0.126486 0.175529
0 0.610574 0.325307 0.170762 0.189836
0 0.583185 0.587905 0.340232 0.417164
0 0.666254 0.174671 0.131558 0.133723
2 0.661895 0.710398 0.0582371 0.0520701
2 0.580655 0.351232 0.0322677 0.0263441
2 0.723026 0.240324 0.0246643 0.0241824
0 0.748081 0.234005 0.126486 0.175529
