0 0.548542 0.501987 0.24269 0.354244
0 0.675951 0.293307 0.154206 0.211561
0 0.901356 0.132167 0.197287 0.261068
0 0.224839 0.208094 0.281636 0.194806
2 0.586545 0.605061 0.0494242 0.0432669
2 0.654492 0.338344 0.0311335 0.0300911
0 0.222984 0.20814 0.28283 0.198125
0 0.548542 0.501987 0.24269 0.354244
0 0.675951 0.293307 0.154206 0.211561
0 0.901356 0.132167 0.197287 0.261068
0 0.224839 0.208094 0.281636 0.194806
2 0.586545 0.605061 0.0494242 0.0432669
2 0.654492 0.338344 0.0311335 0.0300911
0 0.222984 0.20814 0.28283 0.198125
