0 0.578515 0.345327 0.156669 0.19677
0 0.485654 0.450307 0.252495 0.276761
0 0.65811 0.723561 0.569971 0.552878
2 0.446695 0.527983 0.0509474 0.0416489
0 0.719793 0.249006 0.182157 0.225536
2 0.893718 0.772327 0.0393194 0.0520281
0 0.720791 0.247924 0.184171 0.22951
2 0.0103973 0.341003 0.0207945 0.0244625
2 0.664327 0.285564 0.0245377 0.0255074
0 0.0189141 0.2673 0.0370472 0.254272
0 0.578515 0.345327 0.156669 0.19677
0 0.485654 0.450307 0.252495 0.276761
0 0.65811 0.723561 0.569971 0.552878
2 0.446695 0.527983 0.0509474 0.0416489
0 0.719793 0.249006 0.182157 0.225536
2 0.893718 0.772327 0.0393194 0.0520281
0 0.720791 0.247924 0.184171 0.22951
2 0.0103973 0.341003 0.0207945 0.0244625
2 0.664327 0.285564 0.0245377 0.0255074
0 0.0189141 0.2673 0.0370472 0.254272
