0 0.488815 0.464743 0.27179 0.404787
0 0.621379 0.285421 0.168211 0.254868
0 0.195761 0.78477 0.372162 0.430459
0 0.217516 0.190648 0.206064 0.170977
0 0.0341023 0.257626 0.0676406 0.237441
2 0.419307 0.543464 0.0473606 0.0443512
0 0.921215 0.832901 0.15687 0.334197
0 0.488815 0.464743 0.27179 0.404787
0 0.621379 0.285421 0.168211 0.254868
0 0.195761 0.78477 0.372162 0.430459
0 0.217516 0.190648 0.206064 0.170977
0 0.0341023 0.257626 0.0676406 0.237441
2 0.419307 0.543464 0.0473606 0.0443512
0 0.921215 0.832901 0.15687 0.334197
