0 0.613972 0.591524 0.313012 0.416711
0 0.549124 0.31849 0.203055 0.25912
0 0.706205 0.224442 0.193583 0.207153
2 0.521291 0.333508 0.0387395 0.0300839
2 0.680116 0.708075 0.0595582 0.0500239
0 0.80745 0.125918 0.27303 0.217389
2 0.657121 0.259999 0.0262639 0.0266492
0 0.613972 0.591524 0.313012 0.416711
0 0.549124 0.31849 0.203055 0.25912
0 0.706205 0.224442 0.193583 0.207153
2 0.521291 0.333508 0.0387395 0.0300839
2 0.680116 0.708075 0.0595582 0.0500239
0 0.80745 0.125918 0.27303 0.217389
2 0.657121 0.259999 0.0262639 0.0266492
