0 0.555827 0.514539 0.289006 0.39768
0 0.651638 0.296678 0.160474 0.235199
0 0.0609471 0.155282 0.121867 0.28231
2 0.601563 0.551703 0.0559624 0.0465086
0 0.75784 0.186996 0.166176 0.179966
2 0.63477 0.340314 0.0251486 0.0252817
0 0.982005 0.141028 0.0359901 0.193792
0 0.555827 0.514539 0.289006 0.39768
0 0.651638 0.296678 0.160474 0.235199
0 0.0609471 0.155282 0.121867 0.28231
2 0.601563 0.551703 0.0559624 0.0465086
0 0.75784 0.186996 0.166176 0.179966
2 0.63477 0.340314 0.0251486 0.0252817
0 0.982005 0.141028 0.0359901 0.193792
