0 0.546199 0.323658 0.148291 0.229373
0 0.381009 0.601135 0.369515 0.426042
0 0.850844 0.786518 0.297617 0.426965
0 0.0570414 0.290712 0.11348 0.232855
0 0.828634 0.163249 0.204684 0.170206
2 0.534377 0.339666 0.032988 0.0274738
2 0.289135 0.66374 0.0583302 0.0523438
2 0.0790576 0.342994 0.0316078 0.0324067
0 0.546199 0.323658 0.148291 0.229373
0 0.381009 0.601135 0.369515 0.426042
0 0.850844 0.786518 0.297617 0.426965
0 0.0570414 0.290712 0.11348 0.232855
0 0.828634 0.163249 0.204684 0.170206
2 0.534377 0.339666 0.032988 0.0274738
2 0.289135 0.66374 0.0583302 0.0523438
2 0.0790576 0.342994 0.0316078 0.0324067
