0 0.40238 0.564629 0.330139 0.39953
0 0.589626 0.304194 0.226186 0.338801
0 0.814751 0.715766 0.367421 0.568469
0 0.510784 0.195302 0.153575 0.172054
0 0.670775 0.149083 0.0958387 0.180472
2 0.328078 0.574411 0.0551486 0.0460596
0 0.105568 0.18844 0.207885 0.148672
2 0.55687 0.370679 0.0395602 0.0363999
0 0.967969 0.20685 0.064063 0.209091
0 0.0112518 0.227392 0.0225037 0.142425
0 0.40238 0.564629 0.330139 0.39953
0 0.589626 0.304194 0.226186 0.338801
0 0.814751 0.715766 0.367421 0.568469
0 0.510784 0.195302 0.153575 0.172054
0 0.670775 0.149083 0.0958387 0.180472
2 0.328078 0.574411 0.0551486 0.0460596
0 0.105568 0.18844 0.207885 0.148672
2 0.55687 0.370679 0.0395602 0.0363999
0 0.967969 0.20685 0.064063 0.209091
0 0.0112518 0.227392 0.0225037 0.142425
