0 0.907504 0.792207 0.183858 0.415586
0 0.505637 0.510979 0.246165 0.426581
0 0.570638 0.317281 0.173141 0.258717
0 0.749685 0.23159 0.144589 0.16599
2 0.520672 0.55623 0.0594998 0.045054
2 0.709274 0.263449 0.0256255 0.025365
0 0.949333 0.177938 0.101334 0.181143
0 0.907504 0.792207 0.183858 0.415586
0 0.505637 0.510979 0.246165 0.426581
0 0.570638 0.317281 0.173141 0.258717
0 0.749685 0.23159 0.144589 0.16599
2 0.520672 0.55623 0.0594998 0.045054
2 0.709274 0.263449 0.0256255 0.025365
0 0.949333 0.177938 0.101334 0.181143
