0 0.587339 0.359699 0.183675 0.241399
0 0.660129 0.635841 0.422288 0.440704
0 0.26027 0.185498 0.219113 0.146076
0 0.0446944 0.275482 0.0885404 0.22566
2 0.778506 0.666369 0.053987 0.0501674
2 0.56394 0.427034 0.0366858 0.030411
0 0.878538 0.142405 0.241793 0.18414
0 0.587339 0.359699 0.183675 0.241399
0 0.660129 0.635841 0.422288 0.440704
0 0.26027 0.185498 0.219113 0.146076
0 0.0446944 0.275482 0.0885404 0.22566
2 0.778506 0.666369 0.053987 0.0501674
2 0.56394 0.427034 0.0366858 0.030411
0 0.878538 0.142405 0.241793 0.18414
