0 0.535146 0.432668 0.219059 0.303729
0 0.691941 0.263149 0.170767 0.22533
0 0.515483 0.174587 0.205575 0.147587
2 0.639557 0.317284 0.0307262 0.029479
0 0.937896 0.208435 0.124208 0.162418
2 0.500118 0.481511 0.0477726 0.0421807
2 0.742575 0.308025 0.0252957 0.0336981
2 0.499547 0.479233 0.0427301 0.0355058
0 0.535146 0.432668 0.219059 0.303729
0 0.691941 0.263149 0.170767 0.22533
0 0.515483 0.174587 0.205575 0.147587
2 0.639557 0.317284 0.0307262 0.029479
0 0.937896 0.208435 0.124208 0.162418
2 0.500118 0.481511 0.0477726 0.0421807
2 0.742575 0.308025 0.0252957 0.0336981
2 0.499547 0.479233 0.0427301 0.0355058
