0 0.702529 0.2603 0.15911 0.195168
0 0.580787 0.338503 0.201042 0.231109
0 0.580838 0.651125 0.431083 0.464008
0 0.197165 0.879422 0.392363 0.241156
2 0.720935 0.689071 0.0495317 0.0479947
2 0.695348 0.774406 0.058682 0.052679
2 0.552513 0.392707 0.0415456 0.0372181
2 0.55283 0.389454 0.0365527 0.0287741
0 0.702529 0.2603 0.15911 0.195168
0 0.580787 0.338503 0.201042 0.231109
0 0.580838 0.651125 0.431083 0.464008
0 0.197165 0.879422 0.392363 0.241156
2 0.720935 0.689071 0.0495317 0.0479947
2 0.695348 0.774406 0.058682 0.052679
2 0.552513 0.392707 0.0415456 0.0372181
2 0.55283 0.389454 0.0365527 0.0287741
