0 0.606098 0.585316 0.347882 0.39355
0 0.69753 0.28158 0.147087 0.199844
0 0.567436 0.350146 0.201766 0.235235
0 0.92684 0.217911 0.14632 0.168083
2 0.54321 0.397063 0.0367274 0.0272457
2 0.714506 0.61135 0.0483372 0.0418638
2 0.664333 0.290263 0.0220287 0.0205137
2 0.714579 0.613925 0.0556162 0.0530203
0 0.606098 0.585316 0.347882 0.39355
0 0.69753 0.28158 0.147087 0.199844
0 0.567436 0.350146 0.201766 0.235235
0 0.92684 0.217911 0.14632 0.168083
2 0.54321 0.397063 0.0367274 0.0272457
2 0.714506 0.61135 0.0483372 0.0418638
2 0.664333 0.290263 0.0220287 0.0205137
2 0.714579 0.613925 0.0556162 0.0530203
