0 0.0519144 0.340367 0.102965 0.236461
0 0.672687 0.270976 0.167488 0.224062
0 0.931422 0.163737 0.136931 0.176785
2 0.826332 0.76059 0.0442154 0.0472672
0 0.489811 0.539554 0.33651 0.560598
2 0.0104263 0.406231 0.0207422 0.0248701
0 0.637764 0.711415 0.492586 0.481577
0 0.0519144 0.340367 0.102965 0.236461
0 0.672687 0.270976 0.167488 0.224062
0 0.931422 0.163737 0.136931 0.176785
2 0.826332 0.76059 0.0442154 0.0472672
0 0.489811 0.539554 0.33651 0.560598
2 0.0104263 0.406231 0.0207422 0.0248701
0 0.637764 0.711415 0.492586 0.481577
