0 0.663857 0.241133 0.219453 0.335795
0 0.0903139 0.219392 0.17975 0.163115
2 0.53124 0.690174 0.0585264 0.0536515
2 0.514688 0.420131 0.0374731 0.0326025
0 0.543861 0.349915 0.236079 0.291679
0 0.494554 0.540875 0.298584 0.522409
0 0.0108648 0.322639 0.0206656 0.263344
0 0.494957 0.550945 0.289856 0.513072
0 0.984772 0.169374 0.030455 0.160577
0 0.663857 0.241133 0.219453 0.335795
0 0.0903139 0.219392 0.17975 0.163115
2 0.53124 0.690174 0.0585264 0.0536515
2 0.514688 0.420131 0.0374731 0.0326025
0 0.543861 0.349915 0.236079 0.291679
0 0.494554 0.540875 0.298584 0.522409
0 0.0108648 0.322639 0.0206656 0.263344
0 0.494957 0.550945 0.289856 0.513072
0 0.984772 0.169374 0.030455 0.160577
