0 0.69347 0.27412 0.201618 0.251962
0 0.442014 0.205429 0.229622 0.179366
0 0.563441 0.426184 0.194199 0.273861
0 0.748137 0.710381 0.503726 0.579239
0 0.898462 0.143625 0.203077 0.242086
2 0.548125 0.459047 0.049775 0.0443644
2 0.547658 0.456483 0.0445626 0.0369474
0 0.69347 0.27412 0.201618 0.251962
0 0.442014 0.205429 0.229622 0.179366
0 0.563441 0.426184 0.194199 0.273861
0 0.748137 0.710381 0.503726 0.579239
0 0.898462 0.143625 0.203077 0.242086
2 0.548125 0.459047 0.049775 0.0443644
2 0.547658 0.456483 0.0445626 0.0369474
