0 0.524132 0.531844 0.233432 0.373667
0 0.599421 0.310072 0.175718 0.281454
0 0.138726 0.892294 0.2771 0.215412
0 0.850077 0.223498 0.216548 0.190537
2 0.555964 0.541981 0.0505287 0.0391474
0 0.0353934 0.263848 0.070155 0.195138
2 0.77732 0.209456 0.0187541 0.0194395
0 0.524132 0.531844 0.233432 0.373667
0 0.599421 0.310072 0.175718 0.281454
0 0.138726 0.892294 0.2771 0.215412
0 0.850077 0.223498 0.216548 0.190537
2 0.555964 0.541981 0.0505287 0.0391474
0 0.0353934 0.263848 0.070155 0.195138
2 0.77732 0.209456 0.0187541 0.0194395
