0 0.680763 0.271289 0.135104 0.193019
0 0.558151 0.431704 0.196985 0.288481
0 0.286913 0.760032 0.466765 0.479936
2 0.54216 0.496416 0.0451486 0.0396626
2 0.662772 0.31823 0.0281955 0.0267082
0 0.865146 0.203381 0.269709 0.235105
2 0.141775 0.939409 0.0735282 0.069342
0 0.680763 0.271289 0.135104 0.193019
0 0.558151 0.431704 0.196985 0.288481
0 0.286913 0.760032 0.466765 0.479936
2 0.54216 0.496416 0.0451486 0.0396626
2 0.662772 0.31823 0.0281955 0.0267082
0 0.865146 0.203381 0.269709 0.235105
2 0.141775 0.939409 0.0735282 0.069342
