0 0.652271 0.266934 0.16579 0.219532
0 0.359 0.183745 0.195033 0.157553
0 0.65368 0.266465 0.169611 0.220706
0 0.520514 0.434967 0.168016 0.27764
0 0.761357 0.684639 0.477285 0.582111
0 0.802619 0.682238 0.391075 0.574608
2 0.617443 0.276666 0.0320846 0.0285038
0 0.652271 0.266934 0.16579 0.219532
0 0.359 0.183745 0.195033 0.157553
0 0.65368 0.266465 0.169611 0.220706
0 0.520514 0.434967 0.168016 0.27764
0 0.761357 0.684639 0.477285 0.582111
0 0.802619 0.682238 0.391075 0.574608
2 0.617443 0.276666 0.0320846 0.0285038
