0 0.557666 0.380326 0.226923 0.285695
0 0.700103 0.268115 0.159856 0.197995
0 0.811334 0.152974 0.250873 0.173543
0 0.28857 0.629656 0.490879 0.621017
0 0.301856 0.204166 0.266537 0.192839
2 0.66626 0.273862 0.0284444 0.0247608
2 0.511168 0.38829 0.0368854 0.0283954
0 0.557666 0.380326 0.226923 0.285695
0 0.700103 0.268115 0.159856 0.197995
0 0.811334 0.152974 0.250873 0.173543
0 0.28857 0.629656 0.490879 0.621017
0 0.301856 0.204166 0.266537 0.192839
2 0.66626 0.273862 0.0284444 0.0247608
2 0.511168 0.38829 0.0368854 0.0283954
