0 0.586009 0.564625 0.281875 0.350587
0 0.578476 0.313111 0.23347 0.250544
0 0.226238 0.781988 0.443798 0.436023
2 0.62841 0.62495 0.057234 0.0412259
0 0.695894 0.139661 0.207306 0.279322
0 0.386244 0.150854 0.327537 0.301709
2 0.539307 0.36574 0.0407956 0.0314225
0 0.215147 0.784824 0.421418 0.430352
0 0.586009 0.564625 0.281875 0.350587
0 0.578476 0.313111 0.23347 0.250544
0 0.226238 0.781988 0.443798 0.436023
2 0.62841 0.62495 0.057234 0.0412259
0 0.695894 0.139661 0.207306 0.279322
0 0.386244 0.150854 0.327537 0.301709
2 0.539307 0.36574 0.0407956 0.0314225
0 0.215147 0.784824 0.421418 0.430352
