0 0.538115 0.385407 0.229095 0.313788
0 0.305144 0.611407 0.393185 0.577185
0 0.114344 0.180155 0.226177 0.172888
0 0.761612 0.772424 0.476775 0.455153
0 0.772324 0.228215 0.217651 0.187496
0 0.0360053 0.307726 0.0713934 0.231483
2 0.690272 0.248441 0.0222705 0.0240101
2 0.0164108 0.370516 0.0304045 0.0299041
2 0.496307 0.411407 0.0450511 0.0364439
0 0.538115 0.385407 0.229095 0.313788
0 0.305144 0.611407 0.393185 0.577185
0 0.114344 0.180155 0.226177 0.172888
0 0.761612 0.772424 0.476775 0.455153
0 0.772324 0.228215 0.217651 0.187496
0 0.0360053 0.307726 0.0713934 0.231483
2 0.690272 0.248441 0.0222705 0.0240101
2 0.0164108 0.370516 0.0304045 0.0299041
2 0.496307 0.411407 0.0450511 0.0364439
