0 0.666204 0.28133 0.171104 0.186016
0 0.532661 0.173711 0.174886 0.137538
2 0.629772 0.285502 0.030685 0.0253197
0 0.255759 0.664078 0.511517 0.671843
0 0.946716 0.162995 0.106569 0.173346
0 0.857895 0.21987 0.235858 0.192837
0 0.0148257 0.185258 0.0295257 0.127119
0 0.666204 0.28133 0.171104 0.186016
0 0.532661 0.173711 0.174886 0.137538
2 0.629772 0.285502 0.030685 0.0253197
0 0.255759 0.664078 0.511517 0.671843
0 0.946716 0.162995 0.106569 0.173346
0 0.857895 0.21987 0.235858 0.192837
0 0.0148257 0.185258 0.0295257 0.127119
