0 0.547046 0.522992 0.260278 0.359348
0 0.909602 0.797795 0.178722 0.40441
0 0.580603 0.333517 0.155549 0.189003
2 0.588747 0.642607 0.0534474 0.039019
0 0.499288 0.229699 0.16662 0.125004
0 0.793936 0.170462 0.139442 0.247409
0 0.951337 0.17942 0.0973257 0.132404
0 0.659862 0.268982 0.13914 0.184606
0 0.547046 0.522992 0.260278 0.359348
0 0.909602 0.797795 0.178722 0.40441
0 0.580603 0.333517 0.155549 0.189003
2 0.588747 0.642607 0.0534474 0.039019
0 0.499288 0.229699 0.16662 0.125004
0 0.793936 0.170462 0.139442 0.247409
0 0.951337 0.17942 0.0973257 0.132404
0 0.659862 0.268982 0.13914 0.184606
