0 0.529334 0.485776 0.21024 0.364969
0 0.624291 0.348051 0.172798 0.250755
0 0.68407 0.251816 0.140743 0.179707
0 0.0746277 0.189794 0.149255 0.147914
0 0.887738 0.200715 0.224525 0.231536
0 0.219407 0.707712 0.416746 0.584577
2 0.525704 0.58719 0.0514397 0.043172
0 0.529334 0.485776 0.21024 0.364969
0 0.624291 0.348051 0.172798 0.250755
0 0.68407 0.251816 0.140743 0.179707
0 0.0746277 0.189794 0.149255 0.147914
0 0.887738 0.200715 0.224525 0.231536
0 0.219407 0.707712 0.416746 0.584577
2 0.525704 0.58719 0.0514397 0.043172
