0 0.536264 0.406936 0.221471 0.308019
0 0.645287 0.245943 0.200248 0.258886
0 0.278645 0.173082 0.250653 0.173277
0 0.050486 0.271589 0.099802 0.25889
2 0.504575 0.444921 0.0426813 0.0343346
0 0.915776 0.167339 0.168448 0.166916
2 0.0551235 0.339917 0.0226198 0.0274616
0 0.536264 0.406936 0.221471 0.308019
0 0.645287 0.245943 0.200248 0.258886
0 0.278645 0.173082 0.250653 0.173277
0 0.050486 0.271589 0.099802 0.25889
2 0.504575 0.444921 0.0426813 0.0343346
0 0.915776 0.167339 0.168448 0.166916
2 0.0551235 0.339917 0.0226198 0.0274616
