0 0.57694 0.37156 0.210338 0.310429
0 0.851298 0.789728 0.294881 0.420545
0 0.325031 0.679763 0.415423 0.537357
0 0.745112 0.233425 0.209642 0.213768
2 0.20684 0.821213 0.0610902 0.0667096
2 0.696456 0.266091 0.0263488 0.0255148
2 0.543676 0.393595 0.042609 0.0399149
2 0.543702 0.389863 0.0386948 0.0322178
0 0.57694 0.37156 0.210338 0.310429
0 0.851298 0.789728 0.294881 0.420545
0 0.325031 0.679763 0.415423 0.537357
0 0.745112 0.233425 0.209642 0.213768
2 0.20684 0.821213 0.0610902 0.0667096
2 0.696456 0.266091 0.0263488 0.0255148
2 0.543676 0.393595 0.042609 0.0399149
2 0.543702 0.389863 0.0386948 0.0322178
