0 0.461849 0.524936 0.275421 0.359632
0 0.791592 0.212427 0.183767 0.180067
0 0.627825 0.331597 0.178527 0.253626
0 0.219486 0.803107 0.438972 0.393787
0 0.627021 0.332305 0.177031 0.252769
2 0.605047 0.379803 0.0354719 0.03008
2 0.410898 0.632886 0.0537791 0.0495705
0 0.461849 0.524936 0.275421 0.359632
0 0.791592 0.212427 0.183767 0.180067
0 0.627825 0.331597 0.178527 0.253626
0 0.219486 0.803107 0.438972 0.393787
0 0.627021 0.332305 0.177031 0.252769
2 0.605047 0.379803 0.0354719 0.03008
2 0.410898 0.632886 0.0537791 0.0495705
