0 0.578115 0.337626 0.203216 0.267101
0 0.512274 0.567347 0.316362 0.385978
0 0.836546 0.769591 0.321429 0.460818
0 0.703416 0.262457 0.17495 0.21416
0 0.877364 0.223256 0.218106 0.199249
0 0.719379 0.14423 0.219795 0.168655
2 0.584433 0.611847 0.05793 0.0521182
0 0.835027 0.761065 0.327636 0.477869
0 0.578115 0.337626 0.203216 0.267101
0 0.512274 0.567347 0.316362 0.385978
0 0.836546 0.769591 0.321429 0.460818
0 0.703416 0.262457 0.17495 0.21416
0 0.877364 0.223256 0.218106 0.199249
0 0.719379 0.14423 0.219795 0.168655
2 0.584433 0.611847 0.05793 0.0521182
0 0.835027 0.761065 0.327636 0.477869
