0 0.546432 0.387132 0.197618 0.323902
0 0.73943 0.220134 0.200842 0.240064
2 0.226355 0.697051 0.0589298 0.0558568
2 0.524605 0.377894 0.0385099 0.0304559
0 0.323391 0.668726 0.382313 0.503405
2 0.685503 0.23653 0.0265629 0.0277212
2 0.685483 0.233127 0.0249805 0.0232327
0 0.546432 0.387132 0.197618 0.323902
0 0.73943 0.220134 0.200842 0.240064
2 0.226355 0.697051 0.0589298 0.0558568
2 0.524605 0.377894 0.0385099 0.0304559
0 0.323391 0.668726 0.382313 0.503405
2 0.685503 0.23653 0.0265629 0.0277212
2 0.685483 0.233127 0.0249805 0.0232327
