0 0.624998 0.328356 0.188062 0.241645
0 0.433554 0.531774 0.288478 0.396589
0 0.841513 0.786961 0.309673 0.426078
0 0.443008 0.173933 0.22012 0.137361
2 0.594062 0.3743 0.036738 0.0331497
2 0.384515 0.575459 0.0554254 0.0450878
0 0.116706 0.273514 0.233411 0.193498
0 0.624998 0.328356 0.188062 0.241645
0 0.433554 0.531774 0.288478 0.396589
0 0.841513 0.786961 0.309673 0.426078
0 0.443008 0.173933 0.22012 0.137361
2 0.594062 0.3743 0.036738 0.0331497
2 0.384515 0.575459 0.0554254 0.0450878
0 0.116706 0.273514 0.233411 0.193498
