0 0.560172 0.389076 0.177973 0.319006
0 0.325726 0.190362 0.280441 0.216309
0 0.700143 0.258883 0.155931 0.210003
0 0.20107 0.752376 0.380592 0.495248
0 0.760664 0.725815 0.478673 0.54837
2 0.537069 0.445538 0.043282 0.0344778
0 0.0316335 0.305128 0.0625783 0.299702
2 0.660969 0.264634 0.0285124 0.0262281
2 0.982697 0.831551 0.0346058 0.0511002
0 0.560172 0.389076 0.177973 0.319006
0 0.325726 0.190362 0.280441 0.216309
0 0.700143 0.258883 0.155931 0.210003
0 0.20107 0.752376 0.380592 0.495248
0 0.760664 0.725815 0.478673 0.54837
2 0.537069 0.445538 0.043282 0.0344778
0 0.0316335 0.305128 0.0625783 0.299702
2 0.660969 0.264634 0.0285124 0.0262281
2 0.982697 0.831551 0.0346058 0.0511002
