0 0.733334 0.257434 0.164733 0.212009
0 0.542036 0.423934 0.25999 0.374135
0 0.326269 0.130928 0.378818 0.258066
0 0.540379 0.824798 0.596974 0.346317
2 0.47042 0.489086 0.0423434 0.0408671
2 0.696568 0.267276 0.0311418 0.0284291
0 0.0135657 0.363926 0.0260958 0.263773
0 0.962964 0.152277 0.0739496 0.245465
2 0.472452 0.155162 0.0249655 0.0264163
0 0.733334 0.257434 0.164733 0.212009
0 0.542036 0.423934 0.25999 0.374135
0 0.326269 0.130928 0.378818 0.258066
0 0.540379 0.824798 0.596974 0.346317
2 0.47042 0.489086 0.0423434 0.0408671
2 0.696568 0.267276 0.0311418 0.0284291
0 0.0135657 0.363926 0.0260958 0.263773
0 0.962964 0.152277 0.0739496 0.245465
2 0.472452 0.155162 0.0249655 0.0264163
