0 0.586316 0.574664 0.375464 0.46237
0 0.578696 0.286584 0.177235 0.173103
2 0.694769 0.683658 0.0524852 0.0511872
2 0.553663 0.336954 0.0353371 0.0287017
0 0.928155 0.203523 0.14369 0.201641
2 0.0144745 0.338289 0.0259173 0.0252029
0 0.0336221 0.290756 0.0670018 0.212123
0 0.0207153 0.288402 0.0407278 0.201795
0 0.586316 0.574664 0.375464 0.46237
0 0.578696 0.286584 0.177235 0.173103
2 0.694769 0.683658 0.0524852 0.0511872
2 0.553663 0.336954 0.0353371 0.0287017
0 0.928155 0.203523 0.14369 0.201641
2 0.0144745 0.338289 0.0259173 0.0252029
0 0.0336221 0.290756 0.0670018 0.212123
0 0.0207153 0.288402 0.0407278 0.201795
