0 0.519554 0.416084 0.197178 0.272418
0 0.35532 0.672172 0.3909 0.466853
0 0.44763 0.173374 0.20956 0.155132
2 0.24643 0.786694 0.0571467 0.0618336
0 0.847906 0.792438 0.304189 0.415125
0 0.0503834 0.219245 0.100322 0.202292
2 0.490966 0.476901 0.0392104 0.0316408
0 0.848173 0.801962 0.303654 0.396077
0 0.519554 0.416084 0.197178 0.272418
0 0.35532 0.672172 0.3909 0.466853
0 0.44763 0.173374 0.20956 0.155132
2 0.24643 0.786694 0.0571467 0.0618336
0 0.847906 0.792438 0.304189 0.415125
0 0.0503834 0.219245 0.100322 0.202292
2 0.490966 0.476901 0.0392104 0.0316408
0 0.848173 0.801962 0.303654 0.396077
