0 0.685707 0.259661 0.143648 0.197166
0 0.135458 0.858794 0.267752 0.282413
0 0.916374 0.210791 0.167252 0.187932
2 0.629977 0.619925 0.0579604 0.0441038
0 0.59105 0.455897 0.277077 0.510916
0 0.59268 0.448788 0.266488 0.528958
0 0.59196 0.453774 0.275495 0.527226
0 0.685707 0.259661 0.143648 0.197166
0 0.135458 0.858794 0.267752 0.282413
0 0.916374 0.210791 0.167252 0.187932
2 0.629977 0.619925 0.0579604 0.0441038
0 0.59105 0.455897 0.277077 0.510916
0 0.59268 0.448788 0.266488 0.528958
0 0.59196 0.453774 0.275495 0.527226
