0 0.568567 0.393918 0.219792 0.292061
0 0.68837 0.263657 0.160448 0.200506
2 0.532418 0.416524 0.0435444 0.0375471
2 0.65724 0.26144 0.0260064 0.0218531
0 0.110695 0.810522 0.217203 0.378957
0 0.264978 0.862724 0.435652 0.274553
0 0.0114526 0.322478 0.0220515 0.274566
0 0.169348 0.808782 0.324942 0.382437
0 0.568567 0.393918 0.219792 0.292061
0 0.68837 0.263657 0.160448 0.200506
2 0.532418 0.416524 0.0435444 0.0375471
2 0.65724 0.26144 0.0260064 0.0218531
0 0.110695 0.810522 0.217203 0.378957
0 0.264978 0.862724 0.435652 0.274553
0 0.0114526 0.322478 0.0220515 0.274566
0 0.169348 0.808782 0.324942 0.382437
