0 0.657746 0.304698 0.165969 0.240814
0 0.534002 0.468113 0.267662 0.379631
0 0.0482309 0.268906 0.0956895 0.199527
0 0.959377 0.785123 0.080339 0.429755
0 0.866227 0.223107 0.22487 0.205014
2 0.496677 0.483662 0.0517276 0.0422216
0 0.239366 0.775026 0.478731 0.449949
2 0.0584723 0.313792 0.0266081 0.0262124
0 0.657746 0.304698 0.165969 0.240814
0 0.534002 0.468113 0.267662 0.379631
0 0.0482309 0.268906 0.0956895 0.199527
0 0.959377 0.785123 0.080339 0.429755
0 0.866227 0.223107 0.22487 0.205014
2 0.496677 0.483662 0.0517276 0.0422216
0 0.239366 0.775026 0.478731 0.449949
2 0.0584723 0.313792 0.0266081 0.0262124
