0 0.565229 0.346218 0.253387 0.432969
0 0.537912 0.17906 0.174605 0.13376
0 0.69553 0.269936 0.158915 0.227435
0 0.756544 0.756464 0.486912 0.486897
0 0.919233 0.225447 0.161535 0.195141
2 0.497295 0.446291 0.0463148 0.0438268
2 0.741301 0.296075 0.0231147 0.0304912
0 0.565229 0.346218 0.253387 0.432969
0 0.537912 0.17906 0.174605 0.13376
0 0.69553 0.269936 0.158915 0.227435
0 0.756544 0.756464 0.486912 0.486897
0 0.919233 0.225447 0.161535 0.195141
2 0.497295 0.446291 0.0463148 0.0438268
2 0.741301 0.296075 0.0231147 0.0304912
