0 0.582199 0.35867 0.19074 0.276943
0 0.759955 0.700947 0.480091 0.541498
2 0.551365 0.379815 0.0386932 0.0348816
2 0.984182 0.740771 0.0316362 0.0584727
0 0.0326588 0.262328 0.064698 0.212541
0 0.0260474 0.26208 0.0516255 0.207934
2 0.982226 0.74488 0.035548 0.0673725
0 0.582199 0.35867 0.19074 0.276943
0 0.759955 0.700947 0.480091 0.541498
2 0.551365 0.379815 0.0386932 0.0348816
2 0.984182 0.740771 0.0316362 0.0584727
0 0.0326588 0.262328 0.064698 0.212541
0 0.0260474 0.26208 0.0516255 0.207934
2 0.982226 0.74488 0.035548 0.0673725
