0 0.562392 0.344871 0.204598 0.266717
0 0.707747 0.262023 0.172151 0.238488
0 0.123586 0.193197 0.20295 0.157204
0 0.63173 0.692747 0.56599 0.614506
2 0.862232 0.707176 0.0509128 0.0563328
0 0.792056 0.194403 0.201637 0.18677
2 0.541141 0.440571 0.0317346 0.0249059
2 0.855836 0.793022 0.0437013 0.0444688
0 0.562392 0.344871 0.204598 0.266717
0 0.707747 0.262023 0.172151 0.238488
0 0.123586 0.193197 0.20295 0.157204
0 0.63173 0.692747 0.56599 0.614506
2 0.862232 0.707176 0.0509128 0.0563328
0 0.792056 0.194403 0.201637 0.18677
2 0.541141 0.440571 0.0317346 0.0249059
2 0.855836 0.793022 0.0437013 0.0444688
