0 0.363297 0.66323 0.447244 0.485847
0 0.62943 0.20345 0.233947 0.38322
0 0.0377214 0.310046 0.0748606 0.220752
0 0.0716325 0.179873 0.143265 0.176137
2 0.588948 0.483971 0.0481075 0.0368838
0 0.955344 0.180365 0.0893116 0.146018
2 0.224606 0.719824 0.0540971 0.0602232
2 0.00892549 0.370078 0.017851 0.0278423
0 0.585288 0.378868 0.208116 0.379173
0 0.363297 0.66323 0.447244 0.485847
0 0.62943 0.20345 0.233947 0.38322
0 0.0377214 0.310046 0.0748606 0.220752
0 0.0716325 0.179873 0.143265 0.176137
2 0.588948 0.483971 0.0481075 0.0368838
0 0.955344 0.180365 0.0893116 0.146018
2 0.224606 0.719824 0.0540971 0.0602232
2 0.00892549 0.370078 0.017851 0.0278423
0 0.585288 0.378868 0.208116 0.379173
