0 0.57407 0.398821 0.198068 0.278002
0 0.626903 0.263316 0.142031 0.182608
0 0.493709 0.165461 0.20026 0.166845
1 0.449697 0.319452 0.111223 0.119388
2 0.550297 0.43726 0.0405949 0.0350745
1 0.447086 0.323726 0.103049 0.113675
2 0.550142 0.433813 0.0367629 0.028442
0 0.57407 0.398821 0.198068 0.278002
0 0.626903 0.263316 0.142031 0.182608
0 0.493709 0.165461 0.20026 0.166845
1 0.449697 0.319452 0.111223 0.119388
2 0.550297 0.43726 0.0405949 0.0350745
1 0.447086 0.323726 0.103049 0.113675
2 0.550142 0.433813 0.0367629 0.028442
