0 0.39608 0.607493 0.343553 0.406034
0 0.555786 0.375402 0.190769 0.288818
0 0.750905 0.772232 0.496979 0.455535
0 0.048556 0.191822 0.0963387 0.155557
2 0.552225 0.391186 0.045811 0.0361603
0 0.597979 0.209858 0.330138 0.339693
2 0.315052 0.66009 0.0571755 0.0514211
2 0.314916 0.656869 0.053137 0.0445165
2 0.551473 0.388572 0.0421966 0.0303733
0 0.39608 0.607493 0.343553 0.406034
0 0.555786 0.375402 0.190769 0.288818
0 0.750905 0.772232 0.496979 0.455535
0 0.048556 0.191822 0.0963387 0.155557
2 0.552225 0.391186 0.045811 0.0361603
0 0.597979 0.209858 0.330138 0.339693
2 0.315052 0.66009 0.0571755 0.0514211
2 0.314916 0.656869 0.053137 0.0445165
2 0.551473 0.388572 0.0421966 0.0303733
