0 0.707746 0.264448 0.172871 0.205697
0 0.557969 0.556088 0.271645 0.363554
0 0.553513 0.162107 0.212744 0.158357
0 0.88903 0.814365 0.221178 0.371271
0 0.0462869 0.286166 0.0920407 0.258494
2 0.602902 0.670396 0.0572061 0.04864
2 0.66749 0.291407 0.0299847 0.0272011
0 0.707746 0.264448 0.172871 0.205697
0 0.557969 0.556088 0.271645 0.363554
0 0.553513 0.162107 0.212744 0.158357
0 0.88903 0.814365 0.221178 0.371271
0 0.0462869 0.286166 0.0920407 0.258494
2 0.602902 0.670396 0.0572061 0.04864
2 0.66749 0.291407 0.0299847 0.0272011
