0 0.545875 0.401734 0.208327 0.29651
0 0.644035 0.277462 0.157562 0.229869
0 0.304389 0.637975 0.364375 0.472216
2 0.202993 0.664177 0.0535779 0.049424
2 0.514671 0.40949 0.0421738 0.0360301
0 0.736784 0.82538 0.515026 0.338647
0 0.75019 0.826436 0.49962 0.337333
0 0.545875 0.401734 0.208327 0.29651
0 0.644035 0.277462 0.157562 0.229869
0 0.304389 0.637975 0.364375 0.472216
2 0.202993 0.664177 0.0535779 0.049424
2 0.514671 0.40949 0.0421738 0.0360301
0 0.736784 0.82538 0.515026 0.338647
0 0.75019 0.826436 0.49962 0.337333
