0 0.611698 0.300566 0.169131 0.239722
0 0.348643 0.216141 0.196789 0.156335
0 0.370682 0.711411 0.407102 0.577179
0 0.448005 0.169542 0.191211 0.157111
0 0.870649 0.206086 0.227505 0.207976
2 0.585639 0.314623 0.0342302 0.0294614
2 0.280045 0.795953 0.0687194 0.0675181
0 0.0300822 0.231721 0.0596376 0.170904
0 0.611698 0.300566 0.169131 0.239722
0 0.348643 0.216141 0.196789 0.156335
0 0.370682 0.711411 0.407102 0.577179
0 0.448005 0.169542 0.191211 0.157111
0 0.870649 0.206086 0.227505 0.207976
2 0.585639 0.314623 0.0342302 0.0294614
2 0.280045 0.795953 0.0687194 0.0675181
0 0.0300822 0.231721 0.0596376 0.170904
