0 0.564774 0.327663 0.164891 0.213446
0 0.511096 0.507155 0.245181 0.354811
0 0.705939 0.255217 0.181459 0.203737
0 0.892972 0.810965 0.213814 0.378069
2 0.483173 0.601098 0.0495584 0.045783
2 0.665922 0.260493 0.0319514 0.0274438
2 0.667135 0.256432 0.0286298 0.0216688
0 0.564774 0.327663 0.164891 0.213446
0 0.511096 0.507155 0.245181 0.354811
0 0.705939 0.255217 0.181459 0.203737
0 0.892972 0.810965 0.213814 0.378069
2 0.483173 0.601098 0.0495584 0.045783
2 0.665922 0.260493 0.0319514 0.0274438
2 0.667135 0.256432 0.0286298 0.0216688
