0 0.601474 0.34164 0.16262 0.24659
0 0.49986 0.657484 0.366745 0.485192
0 0.847773 0.233593 0.219502 0.194279
2 0.60197 0.776999 0.0566318 0.0577124
2 0.58283 0.396595 0.0340779 0.0286144
2 0.770035 0.264392 0.021006 0.0227942
0 0.108987 0.909986 0.217975 0.180028
0 0.601474 0.34164 0.16262 0.24659
0 0.49986 0.657484 0.366745 0.485192
0 0.847773 0.233593 0.219502 0.194279
2 0.60197 0.776999 0.0566318 0.0577124
2 0.58283 0.396595 0.0340779 0.0286144
2 0.770035 0.264392 0.021006 0.0227942
0 0.108987 0.909986 0.217975 0.180028
