0 0.579405 0.320296 0.180748 0.289449
0 0.0771356 0.1743 0.154271 0.172637
0 0.643123 0.139013 0.264663 0.22283
2 0.538998 0.371252 0.0391261 0.0383336
0 0.941685 0.157722 0.11663 0.170358
2 0.724385 0.150606 0.0326077 0.0340153
0 0.714368 0.140916 0.107072 0.212137
0 0.579405 0.320296 0.180748 0.289449
0 0.0771356 0.1743 0.154271 0.172637
0 0.643123 0.139013 0.264663 0.22283
2 0.538998 0.371252 0.0391261 0.0383336
0 0.941685 0.157722 0.11663 0.170358
2 0.724385 0.150606 0.0326077 0.0340153
0 0.714368 0.140916 0.107072 0.212137
