0 0.516186 0.381925 0.238661 0.314765
0 0.694772 0.227697 0.201721 0.304197
0 0.215993 0.742988 0.416072 0.514024
2 0.645445 0.31347 0.025874 0.0279163
2 0.482305 0.456325 0.0441022 0.0345057
2 0.0224431 0.860547 0.0426616 0.0698782
2 0.482576 0.459687 0.0482369 0.0408414
0 0.516186 0.381925 0.238661 0.314765
0 0.694772 0.227697 0.201721 0.304197
0 0.215993 0.742988 0.416072 0.514024
2 0.645445 0.31347 0.025874 0.0279163
2 0.482305 0.456325 0.0441022 0.0345057
2 0.0224431 0.860547 0.0426616 0.0698782
2 0.482576 0.459687 0.0482369 0.0408414
