0 0.645579 0.323098 0.15302 0.221544
0 0.369922 0.226856 0.237405 0.159809
0 0.658392 0.727462 0.454243 0.520134
0 0.842149 0.2224 0.224372 0.181994
2 0.627096 0.373295 0.0328351 0.029002
2 0.801268 0.836549 0.0533346 0.0596647
0 0.0152825 0.23833 0.0303309 0.137957
2 0.802293 0.832808 0.0506865 0.0548166
0 0.645579 0.323098 0.15302 0.221544
0 0.369922 0.226856 0.237405 0.159809
0 0.658392 0.727462 0.454243 0.520134
0 0.842149 0.2224 0.224372 0.181994
2 0.627096 0.373295 0.0328351 0.029002
2 0.801268 0.836549 0.0533346 0.0596647
0 0.0152825 0.23833 0.0303309 0.137957
2 0.802293 0.832808 0.0506865 0.0548166
