0 0.638678 0.277476 0.182248 0.203916
0 0.297223 0.699698 0.445172 0.600603
0 0.0752207 0.257319 0.149898 0.174886
0 0.698634 0.164162 0.205365 0.148107
2 0.605379 0.282523 0.0343002 0.0279897
2 0.143863 0.817151 0.0663511 0.0720563
0 0.415336 0.194581 0.260063 0.17767
0 0.956338 0.230502 0.0873237 0.171483
0 0.638678 0.277476 0.182248 0.203916
0 0.297223 0.699698 0.445172 0.600603
0 0.0752207 0.257319 0.149898 0.174886
0 0.698634 0.164162 0.205365 0.148107
2 0.605379 0.282523 0.0343002 0.0279897
2 0.143863 0.817151 0.0663511 0.0720563
0 0.415336 0.194581 0.260063 0.17767
0 0.956338 0.230502 0.0873237 0.171483
