0 0.659238 0.298745 0.167522 0.209912
0 0.512467 0.413828 0.195885 0.309231
0 0.696454 0.699678 0.505458 0.534602
2 0.870008 0.779993 0.0463491 0.0560511
2 0.0114435 0.353531 0.022887 0.0252688
2 0.510604 0.430653 0.0458837 0.0365866
0 0.0572614 0.196134 0.114523 0.235558
0 0.0212063 0.280627 0.0415429 0.257777
2 0.622889 0.343742 0.0315034 0.0266518
0 0.695239 0.702699 0.489633 0.540519
0 0.659238 0.298745 0.167522 0.209912
0 0.512467 0.413828 0.195885 0.309231
0 0.696454 0.699678 0.505458 0.534602
2 0.870008 0.779993 0.0463491 0.0560511
2 0.0114435 0.353531 0.022887 0.0252688
2 0.510604 0.430653 0.0458837 0.0365866
0 0.0572614 0.196134 0.114523 0.235558
0 0.0212063 0.280627 0.0415429 0.257777
2 0.622889 0.343742 0.0315034 0.0266518
0 0.695239 0.702699 0.489633 0.540519
