0 0.665444 0.26218 0.195739 0.238881
0 0.152945 0.183669 0.211428 0.160957
0 0.504507 0.374119 0.199702 0.343189
0 0.935875 0.804585 0.128183 0.390831
0 0.356867 0.678677 0.403157 0.483126
0 0.123313 0.873626 0.244927 0.252748
2 0.243111 0.818271 0.0577879 0.0609997
2 0.504048 0.471631 0.043215 0.0353108
0 0.530795 0.192201 0.173922 0.153249
0 0.775014 0.154175 0.215953 0.189075
2 0.616659 0.325057 0.0317599 0.0318621
2 0.617163 0.32235 0.0293406 0.0264651
0 0.665444 0.26218 0.195739 0.238881
0 0.152945 0.183669 0.211428 0.160957
0 0.504507 0.374119 0.199702 0.343189
0 0.935875 0.804585 0.128183 0.390831
0 0.356867 0.678677 0.403157 0.483126
0 0.123313 0.873626 0.244927 0.252748
2 0.243111 0.818271 0.0577879 0.0609997
2 0.504048 0.471631 0.043215 0.0353108
0 0.530795 0.192201 0.173922 0.153249
0 0.775014 0.154175 0.215953 0.189075
2 0.616659 0.325057 0.0317599 0.0318621
2 0.617163 0.32235 0.0293406 0.0264651
