0 0.355257 0.581054 0.360536 0.454737
0 0.631792 0.301886 0.18705 0.225104
0 0.705653 0.201371 0.188342 0.157313
2 0.272186 0.64119 0.0598614 0.0539605
0 0.929611 0.179416 0.140691 0.158525
2 0.59414 0.298744 0.0314181 0.0268975
0 0.949284 0.805622 0.100981 0.388757
0 0.355257 0.581054 0.360536 0.454737
0 0.631792 0.301886 0.18705 0.225104
0 0.705653 0.201371 0.188342 0.157313
2 0.272186 0.64119 0.0598614 0.0539605
0 0.929611 0.179416 0.140691 0.158525
2 0.59414 0.298744 0.0314181 0.0268975
0 0.949284 0.805622 0.100981 0.388757
