0 0.600914 0.301993 0.185948 0.229753
0 0.481954 0.544873 0.341158 0.43559
0 0.0478884 0.294691 0.0950145 0.247273
0 0.740832 0.244085 0.109607 0.191765
2 0.432107 0.689759 0.0595771 0.0507976
0 0.754511 0.821941 0.485689 0.348639
2 0.727858 0.289372 0.0262825 0.0236011
0 0.740865 0.244742 0.109246 0.191318
2 0.0168446 0.351047 0.0297757 0.0292184
0 0.600914 0.301993 0.185948 0.229753
0 0.481954 0.544873 0.341158 0.43559
0 0.0478884 0.294691 0.0950145 0.247273
0 0.740832 0.244085 0.109607 0.191765
2 0.432107 0.689759 0.0595771 0.0507976
0 0.754511 0.821941 0.485689 0.348639
2 0.727858 0.289372 0.0262825 0.0236011
0 0.740865 0.244742 0.109246 0.191318
2 0.0168446 0.351047 0.0297757 0.0292184
