0 0.497969 0.36906 0.238032 0.397203
0 0.310513 0.190525 0.185281 0.148754
0 0.638856 0.331925 0.126687 0.217117
0 0.310507 0.191284 0.184545 0.148053
0 0.732098 0.231565 0.15528 0.166696
0 0.684853 0.731851 0.546053 0.536298
2 0.465558 0.473984 0.0456553 0.0380007
2 0.904298 0.815664 0.0348924 0.0430197
2 0.690121 0.239506 0.0210027 0.0196159
0 0.497969 0.36906 0.238032 0.397203
0 0.310513 0.190525 0.185281 0.148754
0 0.638856 0.331925 0.126687 0.217117
0 0.310507 0.191284 0.184545 0.148053
0 0.732098 0.231565 0.15528 0.166696
0 0.684853 0.731851 0.546053 0.536298
2 0.465558 0.473984 0.0456553 0.0380007
2 0.904298 0.815664 0.0348924 0.0430197
2 0.690121 0.239506 0.0210027 0.0196159
