0 0.471659 0.455903 0.297297 0.404801
0 0.648796 0.282441 0.203381 0.284637
0 0.35472 0.216605 0.212793 0.166056
0 0.815448 0.199625 0.224394 0.209899
2 0.422087 0.532169 0.0489239 0.039036
0 0.051811 0.230785 0.103622 0.167275
0 0.0428804 0.228645 0.0848261 0.168305
2 0.00601359 0.234129 0.0120272 0.0238485
2 0.6165 0.329848 0.0293428 0.0300066
0 0.471659 0.455903 0.297297 0.404801
0 0.648796 0.282441 0.203381 0.284637
0 0.35472 0.216605 0.212793 0.166056
0 0.815448 0.199625 0.224394 0.209899
2 0.422087 0.532169 0.0489239 0.039036
0 0.051811 0.230785 0.103622 0.167275
0 0.0428804 0.228645 0.0848261 0.168305
2 0.00601359 0.234129 0.0120272 0.0238485
2 0.6165 0.329848 0.0293428 0.0300066
