0 0.554201 0.49796 0.251903 0.341537
0 0.711027 0.230327 0.2186 0.245083
0 0.484174 0.171102 0.178055 0.146488
2 0.663789 0.284712 0.0298115 0.0285645
0 0.0348121 0.268221 0.0692452 0.234282
2 0.601312 0.524897 0.0516575 0.0414732
2 0.0192497 0.326011 0.0270333 0.0303735
0 0.0300807 0.26831 0.0593883 0.231484
0 0.554201 0.49796 0.251903 0.341537
0 0.711027 0.230327 0.2186 0.245083
0 0.484174 0.171102 0.178055 0.146488
2 0.663789 0.284712 0.0298115 0.0285645
0 0.0348121 0.268221 0.0692452 0.234282
2 0.601312 0.524897 0.0516575 0.0414732
2 0.0192497 0.326011 0.0270333 0.0303735
0 0.0300807 0.26831 0.0593883 0.231484
