0 0.715481 0.255964 0.144463 0.188153
0 0.53379 0.448055 0.190535 0.297739
0 0.554183 0.16172 0.219047 0.168073
0 0.050888 0.225623 0.101723 0.363239
2 0.54187 0.483115 0.0479022 0.0374197
2 0.689394 0.298938 0.0282875 0.0245405
2 0.0534129 0.287981 0.0261124 0.0282344
0 0.715481 0.255964 0.144463 0.188153
0 0.53379 0.448055 0.190535 0.297739
0 0.554183 0.16172 0.219047 0.168073
0 0.050888 0.225623 0.101723 0.363239
2 0.54187 0.483115 0.0479022 0.0374197
2 0.689394 0.298938 0.0282875 0.0245405
2 0.0534129 0.287981 0.0261124 0.0282344
