0 0.357179 0.177004 0.188702 0.130532
0 0.186825 0.20881 0.264209 0.204718
0 0.598963 0.284127 0.20827 0.353334
2 0.962169 0.664774 0.0517928 0.063635
0 0.736643 0.656813 0.526714 0.626718
2 0.593164 0.381084 0.0408604 0.0289156
0 0.598291 0.279476 0.207987 0.344991
0 0.906702 0.160045 0.186597 0.210351
0 0.357179 0.177004 0.188702 0.130532
0 0.186825 0.20881 0.264209 0.204718
0 0.598963 0.284127 0.20827 0.353334
2 0.962169 0.664774 0.0517928 0.063635
0 0.736643 0.656813 0.526714 0.626718
2 0.593164 0.381084 0.0408604 0.0289156
0 0.598291 0.279476 0.207987 0.344991
0 0.906702 0.160045 0.186597 0.210351
