0 0.67171 0.25938 0.183281 0.239176
0 0.464074 0.568886 0.35947 0.532833
0 0.0618624 0.830581 0.123625 0.338839
0 0.793058 0.731745 0.413885 0.53651
0 0.838374 0.203592 0.186381 0.173225
0 0.203314 0.162647 0.262382 0.166827
0 0.835726 0.200163 0.181343 0.163792
0 0.201225 0.163629 0.26623 0.174374
2 0.401078 0.612614 0.0624332 0.0556055
2 0.63966 0.325183 0.0321709 0.0304128
2 0.640249 0.322602 0.0302865 0.0248731
0 0.67171 0.25938 0.183281 0.239176
0 0.464074 0.568886 0.35947 0.532833
0 0.0618624 0.830581 0.123625 0.338839
0 0.793058 0.731745 0.413885 0.53651
0 0.838374 0.203592 0.186381 0.173225
0 0.203314 0.162647 0.262382 0.166827
0 0.835726 0.200163 0.181343 0.163792
0 0.201225 0.163629 0.26623 0.174374
2 0.401078 0.612614 0.0624332 0.0556055
2 0.63966 0.325183 0.0321709 0.0304128
2 0.640249 0.322602 0.0302865 0.0248731
