0 0.729766 0.225327 0.155001 0.188022
0 0.560538 0.440873 0.20018 0.443192
0 0.2426 0.734284 0.485201 0.531432
0 0.0421996 0.289857 0.0838831 0.213398
2 0.0764993 0.910432 0.0728884 0.0706252
2 0.572569 0.597725 0.0546509 0.0432069
2 0.692516 0.252288 0.0256265 0.0238045
0 0.729766 0.225327 0.155001 0.188022
0 0.560538 0.440873 0.20018 0.443192
0 0.2426 0.734284 0.485201 0.531432
0 0.0421996 0.289857 0.0838831 0.213398
2 0.0764993 0.910432 0.0728884 0.0706252
2 0.572569 0.597725 0.0546509 0.0432069
2 0.692516 0.252288 0.0256265 0.0238045
