0 0.426924 0.510861 0.305523 0.396332
0 0.686532 0.285693 0.15619 0.192495
0 0.168599 0.795144 0.329688 0.409713
2 0.660832 0.326162 0.0301872 0.0274923
2 0.36228 0.611898 0.0475641 0.0454238
0 0.59574 0.106319 0.14002 0.212639
2 0.362901 0.614183 0.0515324 0.0510896
0 0.426924 0.510861 0.305523 0.396332
0 0.686532 0.285693 0.15619 0.192495
0 0.168599 0.795144 0.329688 0.409713
2 0.660832 0.326162 0.0301872 0.0274923
2 0.36228 0.611898 0.0475641 0.0454238
0 0.59574 0.106319 0.14002 0.212639
2 0.362901 0.614183 0.0515324 0.0510896
