0 0.491395 0.548465 0.32557 0.431193
0 0.688196 0.278699 0.16289 0.199
2 0.431856 0.598921 0.0562186 0.042719
0 0.587686 0.349842 0.14831 0.193666
0 0.735699 0.82016 0.528602 0.359681
0 0.69595 0.825418 0.551857 0.347996
0 0.733622 0.823819 0.532756 0.352361
0 0.491395 0.548465 0.32557 0.431193
0 0.688196 0.278699 0.16289 0.199
2 0.431856 0.598921 0.0562186 0.042719
0 0.587686 0.349842 0.14831 0.193666
0 0.735699 0.82016 0.528602 0.359681
0 0.69595 0.825418 0.551857 0.347996
0 0.733622 0.823819 0.532756 0.352361
