0 0.409994 0.573636 0.327243 0.394417
0 0.632697 0.305587 0.169871 0.229119
0 0.447963 0.202669 0.232767 0.170066
2 0.601477 0.351648 0.0322191 0.0302317
2 0.332869 0.680671 0.0584972 0.0519657
2 0.332198 0.678484 0.0539299 0.046759
0 0.0143533 0.239698 0.0285466 0.155011
0 0.0155463 0.244946 0.0307231 0.170174
0 0.409994 0.573636 0.327243 0.394417
0 0.632697 0.305587 0.169871 0.229119
0 0.447963 0.202669 0.232767 0.170066
2 0.601477 0.351648 0.0322191 0.0302317
2 0.332869 0.680671 0.0584972 0.0519657
2 0.332198 0.678484 0.0539299 0.046759
0 0.0143533 0.239698 0.0285466 0.155011
0 0.0155463 0.244946 0.0307231 0.170174
