0 0.468075 0.509728 0.267292 0.351562
0 0.704691 0.790015 0.58438 0.41997
2 0.675351 0.29017 0.0268967 0.0252393
0 0.729433 0.232482 0.199643 0.227387
2 0.410616 0.614319 0.0546978 0.0524668
0 0.466403 0.510013 0.265547 0.351363
0 0.729529 0.237119 0.204569 0.214198
0 0.468075 0.509728 0.267292 0.351562
0 0.704691 0.790015 0.58438 0.41997
2 0.675351 0.29017 0.0268967 0.0252393
0 0.729433 0.232482 0.199643 0.227387
2 0.410616 0.614319 0.0546978 0.0524668
0 0.466403 0.510013 0.265547 0.351363
0 0.729529 0.237119 0.204569 0.214198
