0 0.580838 0.582774 0.319505 0.414929
0 0.234608 0.16178 0.262181 0.174604
0 0.607425 0.28609 0.165381 0.218355
2 0.659099 0.645771 0.0506409 0.0513774
0 0.0515406 0.165538 0.103081 0.296128
2 0.58282 0.329223 0.0314497 0.0279003
0 0.0466206 0.161475 0.09248 0.307878
0 0.0696076 0.874102 0.13864 0.251795
0 0.580838 0.582774 0.319505 0.414929
0 0.234608 0.16178 0.262181 0.174604
0 0.607425 0.28609 0.165381 0.218355
2 0.659099 0.645771 0.0506409 0.0513774
0 0.0515406 0.165538 0.103081 0.296128
2 0.58282 0.329223 0.0314497 0.0279003
0 0.0466206 0.161475 0.09248 0.307878
0 0.0696076 0.874102 0.13864 0.251795
