0 0.788563 0.754911 0.419701 0.490177
0 0.59118 0.457228 0.250555 0.37928
0 0.755087 0.216366 0.0840833 0.143213
0 0.626277 0.304904 0.145503 0.166405
2 0.63157 0.520372 0.0401484 0.0329363
2 0.742425 0.28857 0.0235942 0.0238425
2 0.747291 0.229231 0.0201058 0.0194312
0 0.788563 0.754911 0.419701 0.490177
0 0.59118 0.457228 0.250555 0.37928
0 0.755087 0.216366 0.0840833 0.143213
0 0.626277 0.304904 0.145503 0.166405
2 0.63157 0.520372 0.0401484 0.0329363
2 0.742425 0.28857 0.0235942 0.0238425
2 0.747291 0.229231 0.0201058 0.0194312
