0 0.430049 0.59111 0.337839 0.4362
0 0.683643 0.281603 0.174624 0.233559
0 0.5575 0.383363 0.199322 0.305264
2 0.343107 0.609504 0.0522648 0.0520444
2 0.544564 0.42135 0.0419208 0.0332535
2 0.646404 0.285049 0.0273337 0.0252171
0 0.223698 0.824691 0.441026 0.350618
0 0.235635 0.830916 0.408318 0.338169
0 0.222853 0.825491 0.445706 0.34814
0 0.430049 0.59111 0.337839 0.4362
0 0.683643 0.281603 0.174624 0.233559
0 0.5575 0.383363 0.199322 0.305264
2 0.343107 0.609504 0.0522648 0.0520444
2 0.544564 0.42135 0.0419208 0.0332535
2 0.646404 0.285049 0.0273337 0.0252171
0 0.223698 0.824691 0.441026 0.350618
0 0.235635 0.830916 0.408318 0.338169
0 0.222853 0.825491 0.445706 0.34814
