0 0.531728 0.487949 0.198465 0.326196
0 0.623043 0.295782 0.190524 0.2459
0 0.742461 0.727506 0.515078 0.544988
0 0.0481029 0.300763 0.0959655 0.23815
0 0.910537 0.156331 0.178926 0.166386
2 0.543966 0.58192 0.0495438 0.0415095
2 0.584806 0.326416 0.0316717 0.0297519
0 0.531728 0.487949 0.198465 0.326196
0 0.623043 0.295782 0.190524 0.2459
0 0.742461 0.727506 0.515078 0.544988
0 0.0481029 0.300763 0.0959655 0.23815
0 0.910537 0.156331 0.178926 0.166386
2 0.543966 0.58192 0.0495438 0.0415095
2 0.584806 0.326416 0.0316717 0.0297519
