0 0.717269 0.283096 0.160273 0.207545
0 0.484416 0.460106 0.290015 0.372778
0 0.155087 0.843946 0.310175 0.310678
2 0.683752 0.286002 0.0318127 0.0262738
2 0.46165 0.589244 0.0492165 0.0444801
2 0.632504 0.143528 0.0282838 0.0300113
2 0.410819 0.531116 0.0421558 0.0343008
0 0.451015 0.194166 0.392631 0.182024
0 0.485346 0.461144 0.288292 0.37454
2 0.462924 0.590656 0.0526014 0.0485486
0 0.717269 0.283096 0.160273 0.207545
0 0.484416 0.460106 0.290015 0.372778
0 0.155087 0.843946 0.310175 0.310678
2 0.683752 0.286002 0.0318127 0.0262738
2 0.46165 0.589244 0.0492165 0.0444801
2 0.632504 0.143528 0.0282838 0.0300113
2 0.410819 0.531116 0.0421558 0.0343008
0 0.451015 0.194166 0.392631 0.182024
0 0.485346 0.461144 0.288292 0.37454
2 0.462924 0.590656 0.0526014 0.0485486
