0 0.685459 0.282042 0.16836 0.190464
0 0.51608 0.429468 0.259477 0.357658
2 0.470334 0.448374 0.0434185 0.0382807
2 0.644689 0.326035 0.0279733 0.0265168
0 0.684756 0.749774 0.570629 0.500452
2 0.963271 0.797019 0.0359632 0.0521113
2 0.960463 0.796927 0.0304892 0.043842
0 0.685459 0.282042 0.16836 0.190464
0 0.51608 0.429468 0.259477 0.357658
2 0.470334 0.448374 0.0434185 0.0382807
2 0.644689 0.326035 0.0279733 0.0265168
0 0.684756 0.749774 0.570629 0.500452
2 0.963271 0.797019 0.0359632 0.0521113
2 0.960463 0.796927 0.0304892 0.043842
