0 0.626866 0.336258 0.184731 0.236773
0 0.380151 0.590289 0.333297 0.424208
0 0.826382 0.766879 0.347236 0.407569
0 0.816804 0.236568 0.162617 0.179393
2 0.769027 0.266657 0.0238889 0.0236228
2 0.295127 0.659686 0.0553274 0.0545718
2 0.59624 0.34367 0.0335082 0.0276331
0 0.626866 0.336258 0.184731 0.236773
0 0.380151 0.590289 0.333297 0.424208
0 0.826382 0.766879 0.347236 0.407569
0 0.816804 0.236568 0.162617 0.179393
2 0.769027 0.266657 0.0238889 0.0236228
2 0.295127 0.659686 0.0553274 0.0545718
2 0.59624 0.34367 0.0335082 0.0276331
