0 0.570212 0.331682 0.198843 0.296238
0 0.73767 0.235641 0.125239 0.172622
2 0.303682 0.782429 0.0646339 0.0593361
0 0.372832 0.631276 0.420159 0.589322
0 0.899376 0.82268 0.201249 0.354641
2 0.714698 0.250827 0.0254028 0.0228818
2 0.552161 0.396678 0.0295514 0.0293969
0 0.0182704 0.263383 0.0358287 0.183096
2 0.0181711 0.298477 0.0210445 0.0215211
2 0.0180739 0.302429 0.02451 0.0273326
0 0.570212 0.331682 0.198843 0.296238
0 0.73767 0.235641 0.125239 0.172622
2 0.303682 0.782429 0.0646339 0.0593361
0 0.372832 0.631276 0.420159 0.589322
0 0.899376 0.82268 0.201249 0.354641
2 0.714698 0.250827 0.0254028 0.0228818
2 0.552161 0.396678 0.0295514 0.0293969
0 0.0182704 0.263383 0.0358287 0.183096
2 0.0181711 0.298477 0.0210445 0.0215211
2 0.0180739 0.302429 0.02451 0.0273326
