0 0.651681 0.307436 0.16399 0.195196
0 0.265787 0.695267 0.52734 0.609466
0 0.91984 0.161654 0.153961 0.116228
0 0.632468 0.472049 0.215202 0.354379
2 0.649839 0.520758 0.0506377 0.0413732
2 0.0499756 0.89331 0.0528912 0.0594557
0 0.77827 0.214574 0.172837 0.201558
0 0.0176158 0.353438 0.0343583 0.345026
0 0.632332 0.488215 0.211893 0.338418
2 0.04902 0.893857 0.055349 0.0656704
0 0.651681 0.307436 0.16399 0.195196
0 0.265787 0.695267 0.52734 0.609466
0 0.91984 0.161654 0.153961 0.116228
0 0.632468 0.472049 0.215202 0.354379
2 0.649839 0.520758 0.0506377 0.0413732
2 0.0499756 0.89331 0.0528912 0.0594557
0 0.77827 0.214574 0.172837 0.201558
0 0.0176158 0.353438 0.0343583 0.345026
0 0.632332 0.488215 0.211893 0.338418
2 0.04902 0.893857 0.055349 0.0656704
