0 0.452717 0.536063 0.298164 0.409726
0 0.691606 0.272811 0.166228 0.19586
2 0.654824 0.270494 0.0297372 0.0246999
0 0.961926 0.800949 0.075315 0.398102
0 0.67872 0.180067 0.227088 0.161397
0 0.676675 0.177471 0.215616 0.15169
0 0.0144441 0.334667 0.0279915 0.272328
2 0.4001 0.568551 0.0524006 0.0488392
0 0.452717 0.536063 0.298164 0.409726
0 0.691606 0.272811 0.166228 0.19586
2 0.654824 0.270494 0.0297372 0.0246999
0 0.961926 0.800949 0.075315 0.398102
0 0.67872 0.180067 0.227088 0.161397
0 0.676675 0.177471 0.215616 0.15169
0 0.0144441 0.334667 0.0279915 0.272328
2 0.4001 0.568551 0.0524006 0.0488392
