0 0.545195 0.627872 0.367684 0.457558
0 0.405706 0.238214 0.206305 0.1735
0 0.618223 0.259637 0.17641 0.194671
0 0.549638 0.35629 0.222389 0.190031
2 0.642228 0.66942 0.0557897 0.0532659
0 0.948105 0.204879 0.10379 0.215248
0 0.936827 0.21059 0.126345 0.231371
2 0.667816 0.311214 0.0227053 0.0309488
0 0.545195 0.627872 0.367684 0.457558
0 0.405706 0.238214 0.206305 0.1735
0 0.618223 0.259637 0.17641 0.194671
0 0.549638 0.35629 0.222389 0.190031
2 0.642228 0.66942 0.0557897 0.0532659
0 0.948105 0.204879 0.10379 0.215248
0 0.936827 0.21059 0.126345 0.231371
2 0.667816 0.311214 0.0227053 0.0309488
