0 0.667185 0.269415 0.160797 0.193173
0 0.537467 0.420975 0.184659 0.290645
2 0.51811 0.444589 0.0446512 0.0359493
2 0.631321 0.325392 0.0282556 0.0283592
0 0.0158237 0.224087 0.0309613 0.169785
2 0.631989 0.322023 0.0249279 0.0224154
0 0.0150661 0.218038 0.029778 0.15447
0 0.667185 0.269415 0.160797 0.193173
0 0.537467 0.420975 0.184659 0.290645
2 0.51811 0.444589 0.0446512 0.0359493
2 0.631321 0.325392 0.0282556 0.0283592
0 0.0158237 0.224087 0.0309613 0.169785
2 0.631989 0.322023 0.0249279 0.0224154
0 0.0150661 0.218038 0.029778 0.15447
