0 0.59464 0.36276 0.161776 0.251245
0 0.391984 0.519228 0.334309 0.446017
0 0.772319 0.217387 0.158597 0.187542
0 0.745153 0.717795 0.508896 0.496588
2 0.33372 0.636192 0.0544793 0.0466248
2 0.735651 0.266564 0.0226701 0.0235086
2 0.575674 0.369648 0.0389114 0.0334076
2 0.575443 0.366957 0.0351511 0.0266507
2 0.332827 0.634739 0.0513139 0.0432192
0 0.59464 0.36276 0.161776 0.251245
0 0.391984 0.519228 0.334309 0.446017
0 0.772319 0.217387 0.158597 0.187542
0 0.745153 0.717795 0.508896 0.496588
2 0.33372 0.636192 0.0544793 0.0466248
2 0.735651 0.266564 0.0226701 0.0235086
2 0.575674 0.369648 0.0389114 0.0334076
2 0.575443 0.366957 0.0351511 0.0266507
2 0.332827 0.634739 0.0513139 0.0432192
