0 0.599077 0.369489 0.202659 0.288215
0 0.417269 0.638443 0.36244 0.505494
0 0.726042 0.227103 0.133961 0.207035
0 0.890921 0.166973 0.207437 0.165315
2 0.566992 0.372167 0.0406165 0.0322988
2 0.702215 0.220534 0.0289914 0.0260308
2 0.339316 0.701423 0.0652792 0.0615552
0 0.599077 0.369489 0.202659 0.288215
0 0.417269 0.638443 0.36244 0.505494
0 0.726042 0.227103 0.133961 0.207035
0 0.890921 0.166973 0.207437 0.165315
2 0.566992 0.372167 0.0406165 0.0322988
2 0.702215 0.220534 0.0289914 0.0260308
2 0.339316 0.701423 0.0652792 0.0615552
