0 0.707899 0.260303 0.147838 0.176515
0 0.445926 0.177522 0.273428 0.187087
0 0.552965 0.427416 0.203883 0.41011
0 0.233401 0.753151 0.448257 0.493698
0 0.909555 0.228469 0.18089 0.184753
2 0.554202 0.487381 0.0467227 0.0406654
2 0.676201 0.315035 0.0237211 0.0222039
0 0.707899 0.260303 0.147838 0.176515
0 0.445926 0.177522 0.273428 0.187087
0 0.552965 0.427416 0.203883 0.41011
0 0.233401 0.753151 0.448257 0.493698
0 0.909555 0.228469 0.18089 0.184753
2 0.554202 0.487381 0.0467227 0.0406654
2 0.676201 0.315035 0.0237211 0.0222039
