0 0.558217 0.370452 0.186318 0.249762
0 0.681241 0.284403 0.157827 0.18278
0 0.352846 0.1632 0.249832 0.181126
0 0.407384 0.557167 0.310293 0.3763
0 0.844702 0.215703 0.232112 0.208486
2 0.349075 0.605739 0.0551115 0.041626
2 0.531444 0.388661 0.0351148 0.0274757
0 0.407848 0.565908 0.308873 0.381212
0 0.558217 0.370452 0.186318 0.249762
0 0.681241 0.284403 0.157827 0.18278
0 0.352846 0.1632 0.249832 0.181126
0 0.407384 0.557167 0.310293 0.3763
0 0.844702 0.215703 0.232112 0.208486
2 0.349075 0.605739 0.0551115 0.041626
2 0.531444 0.388661 0.0351148 0.0274757
0 0.407848 0.565908 0.308873 0.381212
