0 0.412073 0.736773 0.390738 0.526453
0 0.654176 0.277783 0.140087 0.200581
0 0.544691 0.395041 0.222501 0.346466
0 0.814969 0.17133 0.170333 0.146939
1 0.875346 0.836369 0.224333 0.223256
2 0.328596 0.873052 0.0669802 0.0671441
0 0.043984 0.235081 0.0874832 0.169094
2 0.526644 0.478054 0.0439329 0.0398578
0 0.933252 0.22113 0.133497 0.170635
0 0.930835 0.222213 0.13833 0.169477
1 0.873262 0.820583 0.208933 0.196638
0 0.412073 0.736773 0.390738 0.526453
0 0.654176 0.277783 0.140087 0.200581
0 0.544691 0.395041 0.222501 0.346466
0 0.814969 0.17133 0.170333 0.146939
1 0.875346 0.836369 0.224333 0.223256
2 0.328596 0.873052 0.0669802 0.0671441
0 0.043984 0.235081 0.0874832 0.169094
2 0.526644 0.478054 0.0439329 0.0398578
0 0.933252 0.22113 0.133497 0.170635
0 0.930835 0.222213 0.13833 0.169477
1 0.873262 0.820583 0.208933 0.196638
