0 0.656245 0.270954 0.179218 0.244194
0 0.55194 0.373325 0.203997 0.280569
0 0.0898262 0.222158 0.179652 0.161141
0 0.204636 0.838133 0.39489 0.323734
2 0.843429 0.752208 0.0446311 0.0529188
2 0.528053 0.404172 0.0407559 0.0338578
0 0.677699 0.663405 0.487918 0.492585
0 0.656245 0.270954 0.179218 0.244194
0 0.55194 0.373325 0.203997 0.280569
0 0.0898262 0.222158 0.179652 0.161141
0 0.204636 0.838133 0.39489 0.323734
2 0.843429 0.752208 0.0446311 0.0529188
2 0.528053 0.404172 0.0407559 0.0338578
0 0.677699 0.663405 0.487918 0.492585
