0 0.371667 0.629792 0.432937 0.55874
0 0.741863 0.244825 0.163237 0.205184
2 0.623171 0.403437 0.0396396 0.0312356
0 0.626109 0.398802 0.167032 0.300839
2 0.701333 0.244218 0.0257991 0.0238736
2 0.273643 0.675145 0.0616719 0.0535684
0 0.625401 0.398448 0.165006 0.303714
0 0.953094 0.784886 0.0927343 0.405525
0 0.371667 0.629792 0.432937 0.55874
0 0.741863 0.244825 0.163237 0.205184
2 0.623171 0.403437 0.0396396 0.0312356
0 0.626109 0.398802 0.167032 0.300839
2 0.701333 0.244218 0.0257991 0.0238736
2 0.273643 0.675145 0.0616719 0.0535684
0 0.625401 0.398448 0.165006 0.303714
0 0.953094 0.784886 0.0927343 0.405525
