0 0.672728 0.271941 0.184364 0.212621
0 0.300985 0.175959 0.213584 0.144374
0 0.629402 0.638128 0.545776 0.579438
0 0.0816159 0.224378 0.163232 0.169649
0 0.797678 0.221036 0.167624 0.160087
2 0.798467 0.645382 0.0522851 0.0567873
0 0.921579 0.794328 0.156843 0.411344
2 0.635512 0.28381 0.0312509 0.0267777
0 0.672728 0.271941 0.184364 0.212621
0 0.300985 0.175959 0.213584 0.144374
0 0.629402 0.638128 0.545776 0.579438
0 0.0816159 0.224378 0.163232 0.169649
0 0.797678 0.221036 0.167624 0.160087
2 0.798467 0.645382 0.0522851 0.0567873
0 0.921579 0.794328 0.156843 0.411344
2 0.635512 0.28381 0.0312509 0.0267777
