0 0.351482 0.171818 0.202581 0.146775
0 0.804475 0.755668 0.387448 0.481979
0 0.636234 0.278831 0.149955 0.185072
2 0.597194 0.644704 0.0517989 0.0471864
0 0.889911 0.206015 0.212777 0.188748
0 0.888182 0.206117 0.211631 0.188086
0 0.524598 0.510827 0.304636 0.469779
0 0.351482 0.171818 0.202581 0.146775
0 0.804475 0.755668 0.387448 0.481979
0 0.636234 0.278831 0.149955 0.185072
2 0.597194 0.644704 0.0517989 0.0471864
0 0.889911 0.206015 0.212777 0.188748
0 0.888182 0.206117 0.211631 0.188086
0 0.524598 0.510827 0.304636 0.469779
