0 0.691657 0.274963 0.162252 0.189653
0 0.182167 0.817095 0.356939 0.36581
0 0.481537 0.504192 0.318258 0.423462
0 0.216671 0.227285 0.278768 0.178664
2 0.412459 0.542065 0.0534912 0.0488954
2 0.655534 0.318203 0.0218544 0.0236632
0 0.899445 0.142946 0.20111 0.246248
0 0.691657 0.274963 0.162252 0.189653
0 0.182167 0.817095 0.356939 0.36581
0 0.481537 0.504192 0.318258 0.423462
0 0.216671 0.227285 0.278768 0.178664
2 0.412459 0.542065 0.0534912 0.0488954
2 0.655534 0.318203 0.0218544 0.0236632
0 0.899445 0.142946 0.20111 0.246248
