0 0.467048 0.474698 0.32335 0.415794
0 0.681757 0.307305 0.174095 0.197381
0 0.153744 0.817704 0.29962 0.364592
2 0.643208 0.31386 0.0324055 0.0257901
0 0.934714 0.757722 0.130276 0.484557
0 0.876832 0.204433 0.246336 0.21302
2 0.412908 0.581155 0.0521687 0.0474009
0 0.88987 0.162826 0.212459 0.128019
0 0.467048 0.474698 0.32335 0.415794
0 0.681757 0.307305 0.174095 0.197381
0 0.153744 0.817704 0.29962 0.364592
2 0.643208 0.31386 0.0324055 0.0257901
0 0.934714 0.757722 0.130276 0.484557
0 0.876832 0.204433 0.246336 0.21302
2 0.412908 0.581155 0.0521687 0.0474009
0 0.88987 0.162826 0.212459 0.128019
