0 0.497936 0.365447 0.188837 0.297519
0 0.680337 0.24399 0.194677 0.219066
0 0.803464 0.172403 0.165133 0.144394
0 0.628557 0.702562 0.60746 0.594877
2 0.87428 0.751927 0.0436394 0.0505353
2 0.629693 0.24794 0.0295716 0.0257677
2 0.440361 0.37929 0.031136 0.0303923
0 0.022523 0.32573 0.04386 0.331033
0 0.497936 0.365447 0.188837 0.297519
0 0.680337 0.24399 0.194677 0.219066
0 0.803464 0.172403 0.165133 0.144394
0 0.628557 0.702562 0.60746 0.594877
2 0.87428 0.751927 0.0436394 0.0505353
2 0.629693 0.24794 0.0295716 0.0257677
2 0.440361 0.37929 0.031136 0.0303923
0 0.022523 0.32573 0.04386 0.331033
