0 0.431456 0.499468 0.238549 0.364993
0 0.182407 0.764381 0.354961 0.471239
0 0.675862 0.252159 0.170626 0.223803
0 0.0547093 0.243505 0.108798 0.145088
0 0.0553808 0.243201 0.110762 0.147558
0 0.884743 0.794304 0.230515 0.411392
2 0.641603 0.261741 0.029617 0.0267575
0 0.431456 0.499468 0.238549 0.364993
0 0.182407 0.764381 0.354961 0.471239
0 0.675862 0.252159 0.170626 0.223803
0 0.0547093 0.243505 0.108798 0.145088
0 0.0553808 0.243201 0.110762 0.147558
0 0.884743 0.794304 0.230515 0.411392
2 0.641603 0.261741 0.029617 0.0267575
