0 0.588602 0.345214 0.199529 0.272853
0 0.720602 0.255988 0.159658 0.217164
0 0.565815 0.717693 0.580497 0.564613
2 0.783399 0.847124 0.0525452 0.0661725
2 0.55606 0.399454 0.0365951 0.0309394
2 0.00557646 0.382912 0.0111529 0.0286178
0 0.034099 0.310756 0.0672636 0.261044
0 0.588602 0.345214 0.199529 0.272853
0 0.720602 0.255988 0.159658 0.217164
0 0.565815 0.717693 0.580497 0.564613
2 0.783399 0.847124 0.0525452 0.0661725
2 0.55606 0.399454 0.0365951 0.0309394
2 0.00557646 0.382912 0.0111529 0.0286178
0 0.034099 0.310756 0.0672636 0.261044
