0 0.548542 0.38926 0.195731 0.276781
0 0.666906 0.261137 0.220823 0.240605
0 0.790049 0.661583 0.419903 0.562997
0 0.184848 0.189985 0.215679 0.154093
0 0.859554 0.155703 0.280892 0.211169
2 0.525601 0.453507 0.0421433 0.0384979
2 0.973882 0.772025 0.0505524 0.0606642
0 0.548542 0.38926 0.195731 0.276781
0 0.666906 0.261137 0.220823 0.240605
0 0.790049 0.661583 0.419903 0.562997
0 0.184848 0.189985 0.215679 0.154093
0 0.859554 0.155703 0.280892 0.211169
2 0.525601 0.453507 0.0421433 0.0384979
2 0.973882 0.772025 0.0505524 0.0606642
