0 0.727783 0.258614 0.137921 0.194336
0 0.457566 0.507213 0.326177 0.440863
0 0.60149 0.332736 0.191301 0.283042
0 0.767312 0.706113 0.465376 0.587774
0 0.0612755 0.183408 0.122065 0.217338
2 0.364254 0.605047 0.0525431 0.0520693
2 0.702 0.292737 0.0208884 0.020843
0 0.727783 0.258614 0.137921 0.194336
0 0.457566 0.507213 0.326177 0.440863
0 0.60149 0.332736 0.191301 0.283042
0 0.767312 0.706113 0.465376 0.587774
0 0.0612755 0.183408 0.122065 0.217338
2 0.364254 0.605047 0.0525431 0.0520693
2 0.702 0.292737 0.0208884 0.020843
