0 0.618733 0.322912 0.175472 0.217244
0 0.755382 0.733925 0.489236 0.53215
0 0.0580919 0.264259 0.116184 0.177829
0 0.0900057 0.173281 0.1788 0.133085
0 0.95103 0.215335 0.0979406 0.188453
0 0.550464 0.512144 0.232972 0.332718
2 0.0805621 0.289488 0.0255516 0.024102
0 0.548586 0.552139 0.233631 0.413836
0 0.618733 0.322912 0.175472 0.217244
0 0.755382 0.733925 0.489236 0.53215
0 0.0580919 0.264259 0.116184 0.177829
0 0.0900057 0.173281 0.1788 0.133085
0 0.95103 0.215335 0.0979406 0.188453
0 0.550464 0.512144 0.232972 0.332718
2 0.0805621 0.289488 0.0255516 0.024102
0 0.548586 0.552139 0.233631 0.413836
