0 0.654147 0.259847 0.184319 0.237316
0 0.659045 0.59355 0.429644 0.486144
0 0.50669 0.394634 0.176329 0.26801
2 0.621516 0.308195 0.0322435 0.0320896
2 0.794616 0.627917 0.0466838 0.0422514
2 0.496349 0.424638 0.0390752 0.0289716
0 0.394409 0.197262 0.272012 0.195917
0 0.654147 0.259847 0.184319 0.237316
0 0.659045 0.59355 0.429644 0.486144
0 0.50669 0.394634 0.176329 0.26801
2 0.621516 0.308195 0.0322435 0.0320896
2 0.794616 0.627917 0.0466838 0.0422514
2 0.496349 0.424638 0.0390752 0.0289716
0 0.394409 0.197262 0.272012 0.195917
