0 0.633708 0.562904 0.366528 0.443041
0 0.726725 0.250957 0.153109 0.176031
0 0.565283 0.319723 0.186392 0.182206
2 0.739394 0.604386 0.0584285 0.0510525
0 0.054553 0.23017 0.109106 0.170008
2 0.538649 0.371953 0.0338947 0.0295565
2 0.692167 0.256188 0.0247106 0.0196812
2 0.691211 0.259221 0.0276858 0.0255144
0 0.972719 0.802735 0.0528988 0.394529
0 0.633708 0.562904 0.366528 0.443041
0 0.726725 0.250957 0.153109 0.176031
0 0.565283 0.319723 0.186392 0.182206
2 0.739394 0.604386 0.0584285 0.0510525
0 0.054553 0.23017 0.109106 0.170008
2 0.538649 0.371953 0.0338947 0.0295565
2 0.692167 0.256188 0.0247106 0.0196812
2 0.691211 0.259221 0.0276858 0.0255144
0 0.972719 0.802735 0.0528988 0.394529
