0 0.708135 0.274667 0.162094 0.211706
0 0.565324 0.346563 0.194452 0.269573
0 0.401451 0.236407 0.198771 0.181842
0 0.631798 0.632123 0.404494 0.479069
2 0.671637 0.298776 0.0279557 0.024706
2 0.745671 0.749059 0.055061 0.0611694
2 0.745258 0.744478 0.0490086 0.0535435
0 0.708135 0.274667 0.162094 0.211706
0 0.565324 0.346563 0.194452 0.269573
0 0.401451 0.236407 0.198771 0.181842
0 0.631798 0.632123 0.404494 0.479069
2 0.671637 0.298776 0.0279557 0.024706
2 0.745671 0.749059 0.055061 0.0611694
2 0.745258 0.744478 0.0490086 0.0535435
