0 0.552661 0.608694 0.341026 0.424282
0 0.704946 0.269416 0.15494 0.196193
0 0.571273 0.327619 0.178794 0.219402
0 0.196437 0.931629 0.392873 0.136742
2 0.665653 0.316225 0.0224072 0.0236056
0 0.743235 0.162265 0.133161 0.203043
2 0.641976 0.694723 0.043935 0.0427427
0 0.552661 0.608694 0.341026 0.424282
0 0.704946 0.269416 0.15494 0.196193
0 0.571273 0.327619 0.178794 0.219402
0 0.196437 0.931629 0.392873 0.136742
2 0.665653 0.316225 0.0224072 0.0236056
0 0.743235 0.162265 0.133161 0.203043
2 0.641976 0.694723 0.043935 0.0427427
