0 0.637449 0.262171 0.21732 0.282418
0 0.392963 0.167333 0.20455 0.150878
0 0.532402 0.410911 0.2374 0.331585
0 0.176057 0.208434 0.241288 0.180809
0 0.913939 0.175862 0.172122 0.134999
0 0.0421616 0.32822 0.0838291 0.215219
0 0.736506 0.719011 0.526987 0.561979
2 0.506356 0.441909 0.0452056 0.0376593
0 0.637449 0.262171 0.21732 0.282418
0 0.392963 0.167333 0.20455 0.150878
0 0.532402 0.410911 0.2374 0.331585
0 0.176057 0.208434 0.241288 0.180809
0 0.913939 0.175862 0.172122 0.134999
0 0.0421616 0.32822 0.0838291 0.215219
0 0.736506 0.719011 0.526987 0.561979
2 0.506356 0.441909 0.0452056 0.0376593
