0 0.518713 0.56888 0.289317 0.399327
0 0.599 0.304947 0.196638 0.268752
0 0.902709 0.848749 0.194583 0.302502
2 0.565764 0.661695 0.0578591 0.0464448
2 0.572277 0.361567 0.036844 0.0332065
0 0.0174565 0.193782 0.0343545 0.16385
0 0.939494 0.19855 0.121011 0.128169
0 0.518713 0.56888 0.289317 0.399327
0 0.599 0.304947 0.196638 0.268752
0 0.902709 0.848749 0.194583 0.302502
2 0.565764 0.661695 0.0578591 0.0464448
2 0.572277 0.361567 0.036844 0.0332065
0 0.0174565 0.193782 0.0343545 0.16385
0 0.939494 0.19855 0.121011 0.128169
