0 0.689038 0.260225 0.172639 0.23318
0 0.53068 0.411475 0.238714 0.345492
2 0.513592 0.496583 0.060559 0.0451172
0 0.0136181 0.375164 0.0264867 0.318
2 0.739927 0.312116 0.0302066 0.0350107
2 0.521625 0.425254 0.0519685 0.0387311
0 0.28282 0.685665 0.475611 0.62867
2 0.1349 0.787952 0.0537905 0.0589266
2 0.135754 0.793543 0.0583326 0.0667055
0 0.689038 0.260225 0.172639 0.23318
0 0.53068 0.411475 0.238714 0.345492
2 0.513592 0.496583 0.060559 0.0451172
0 0.0136181 0.375164 0.0264867 0.318
2 0.739927 0.312116 0.0302066 0.0350107
2 0.521625 0.425254 0.0519685 0.0387311
0 0.28282 0.685665 0.475611 0.62867
2 0.1349 0.787952 0.0537905 0.0589266
2 0.135754 0.793543 0.0583326 0.0667055
