0 0.562943 0.609896 0.368813 0.457087
0 0.622392 0.243435 0.211315 0.308755
0 0.18042 0.842244 0.35537 0.315512
0 0.511779 0.36094 0.194909 0.220772
2 0.666717 0.708024 0.0514666 0.0539762
2 0.483893 0.399774 0.0369629 0.030015
0 0.696864 0.172573 0.217752 0.171525
0 0.978355 0.802203 0.0426667 0.395594
0 0.562943 0.609896 0.368813 0.457087
0 0.622392 0.243435 0.211315 0.308755
0 0.18042 0.842244 0.35537 0.315512
0 0.511779 0.36094 0.194909 0.220772
2 0.666717 0.708024 0.0514666 0.0539762
2 0.483893 0.399774 0.0369629 0.030015
0 0.696864 0.172573 0.217752 0.171525
0 0.978355 0.802203 0.0426667 0.395594
