0 0.546977 0.396013 0.159619 0.270274
0 0.370029 0.593563 0.346009 0.429681
0 0.655373 0.246674 0.215614 0.235169
0 0.843395 0.806525 0.311039 0.386949
2 0.543685 0.470572 0.0393367 0.0367317
2 0.283005 0.656683 0.0560038 0.0490438
0 0.843712 0.811734 0.309845 0.376532
0 0.546977 0.396013 0.159619 0.270274
0 0.370029 0.593563 0.346009 0.429681
0 0.655373 0.246674 0.215614 0.235169
0 0.843395 0.806525 0.311039 0.386949
2 0.543685 0.470572 0.0393367 0.0367317
2 0.283005 0.656683 0.0560038 0.0490438
0 0.843712 0.811734 0.309845 0.376532
