0 0.536841 0.405461 0.174037 0.286295
0 0.663251 0.274879 0.175666 0.228257
0 0.378883 0.200585 0.241803 0.180253
0 0.0623774 0.223336 0.124565 0.188448
2 0.530953 0.424146 0.0435048 0.0343437
0 0.951427 0.182189 0.0971451 0.121349
2 0.625395 0.308993 0.0241838 0.025211
0 0.956792 0.167665 0.0864152 0.0790612
0 0.536841 0.405461 0.174037 0.286295
0 0.663251 0.274879 0.175666 0.228257
0 0.378883 0.200585 0.241803 0.180253
0 0.0623774 0.223336 0.124565 0.188448
2 0.530953 0.424146 0.0435048 0.0343437
0 0.951427 0.182189 0.0971451 0.121349
2 0.625395 0.308993 0.0241838 0.025211
0 0.956792 0.167665 0.0864152 0.0790612
