0 0.593129 0.362906 0.165068 0.21695
0 0.748934 0.221157 0.144866 0.199258
0 0.717661 0.66583 0.557536 0.643741
0 0.0191163 0.356248 0.0373899 0.296062
2 0.921046 0.684083 0.0493737 0.0632413
2 0.713346 0.221044 0.0287349 0.0261982
2 0.919948 0.677943 0.0443202 0.0503139
0 0.593129 0.362906 0.165068 0.21695
0 0.748934 0.221157 0.144866 0.199258
0 0.717661 0.66583 0.557536 0.643741
0 0.0191163 0.356248 0.0373899 0.296062
2 0.921046 0.684083 0.0493737 0.0632413
2 0.713346 0.221044 0.0287349 0.0261982
2 0.919948 0.677943 0.0443202 0.0503139
