0 0.642365 0.271863 0.162908 0.226481
0 0.619644 0.62707 0.444077 0.446457
0 0.546666 0.375677 0.205932 0.209904
0 0.813644 0.172024 0.201187 0.166031
0 0.209133 0.863422 0.416988 0.273156
2 0.616833 0.27065 0.029982 0.0247877
2 0.742503 0.675717 0.0552996 0.0482406
2 0.516304 0.408819 0.0357404 0.0297425
0 0.642365 0.271863 0.162908 0.226481
0 0.619644 0.62707 0.444077 0.446457
0 0.546666 0.375677 0.205932 0.209904
0 0.813644 0.172024 0.201187 0.166031
0 0.209133 0.863422 0.416988 0.273156
2 0.616833 0.27065 0.029982 0.0247877
2 0.742503 0.675717 0.0552996 0.0482406
2 0.516304 0.408819 0.0357404 0.0297425
