0 0.608818 0.335222 0.169912 0.232988
0 0.316725 0.690878 0.407658 0.486899
0 0.86321 0.783171 0.271199 0.433659
0 0.778161 0.166283 0.252654 0.193343
0 0.0493852 0.254281 0.0982366 0.212771
2 0.58197 0.387749 0.0364233 0.0289215
2 0.205536 0.772286 0.062523 0.0607398
0 0.608818 0.335222 0.169912 0.232988
0 0.316725 0.690878 0.407658 0.486899
0 0.86321 0.783171 0.271199 0.433659
0 0.778161 0.166283 0.252654 0.193343
0 0.0493852 0.254281 0.0982366 0.212771
2 0.58197 0.387749 0.0364233 0.0289215
2 0.205536 0.772286 0.062523 0.0607398
