0 0.469921 0.57127 0.297957 0.424849
0 0.582754 0.354794 0.239158 0.335432
0 0.508208 0.177761 0.167647 0.143507
0 0.860277 0.783142 0.278008 0.433716
2 0.422346 0.646142 0.0570335 0.0537092
2 0.539342 0.357756 0.0290184 0.0263401
2 0.767026 0.911069 0.0562438 0.0576845
0 0.469921 0.57127 0.297957 0.424849
0 0.582754 0.354794 0.239158 0.335432
0 0.508208 0.177761 0.167647 0.143507
0 0.860277 0.783142 0.278008 0.433716
2 0.422346 0.646142 0.0570335 0.0537092
2 0.539342 0.357756 0.0290184 0.0263401
2 0.767026 0.911069 0.0562438 0.0576845
