0 0.836019 0.75922 0.321504 0.481561
0 0.383449 0.61686 0.41231 0.522114
0 0.253696 0.209424 0.243183 0.20552
0 0.751606 0.221472 0.154045 0.205579
2 0.270375 0.632522 0.0550363 0.051798
2 0.542862 0.4227 0.0361024 0.028443
2 0.713128 0.249007 0.0239855 0.0231207
0 0.836019 0.75922 0.321504 0.481561
0 0.383449 0.61686 0.41231 0.522114
0 0.253696 0.209424 0.243183 0.20552
0 0.751606 0.221472 0.154045 0.205579
2 0.270375 0.632522 0.0550363 0.051798
2 0.542862 0.4227 0.0361024 0.028443
2 0.713128 0.249007 0.0239855 0.0231207
