0 0.904514 0.808272 0.190412 0.383457
0 0.58471 0.585044 0.310908 0.409154
0 0.306954 0.216224 0.222382 0.164231
0 0.0189103 0.309829 0.036976 0.249811
0 0.899898 0.155303 0.200205 0.155704
0 0.592135 0.333181 0.178294 0.198274
2 0.654556 0.685355 0.0542123 0.0503359
2 0.582162 0.391825 0.0428088 0.0316094
0 0.904514 0.808272 0.190412 0.383457
0 0.58471 0.585044 0.310908 0.409154
0 0.306954 0.216224 0.222382 0.164231
0 0.0189103 0.309829 0.036976 0.249811
0 0.899898 0.155303 0.200205 0.155704
0 0.592135 0.333181 0.178294 0.198274
2 0.654556 0.685355 0.0542123 0.0503359
2 0.582162 0.391825 0.0428088 0.0316094
