0 0.615938 0.29177 0.178628 0.239984
0 0.37692 0.602568 0.431502 0.478338
0 0.559198 0.419981 0.178784 0.268773
0 0.812288 0.772295 0.374308 0.455411
2 0.241649 0.647511 0.0552222 0.0520158
0 0.951796 0.204913 0.0964072 0.149862
0 0.0325634 0.176643 0.0644196 0.22462
0 0.615938 0.29177 0.178628 0.239984
0 0.37692 0.602568 0.431502 0.478338
0 0.559198 0.419981 0.178784 0.268773
0 0.812288 0.772295 0.374308 0.455411
2 0.241649 0.647511 0.0552222 0.0520158
0 0.951796 0.204913 0.0964072 0.149862
0 0.0325634 0.176643 0.0644196 0.22462
