0 0.136174 0.88257 0.267325 0.234861
0 0.547533 0.345224 0.214152 0.246327
2 0.907387 0.684239 0.0464779 0.0556525
0 0.779159 0.221775 0.189752 0.203433
2 0.727353 0.219748 0.0268518 0.0247609
0 0.0151001 0.343671 0.0292023 0.298476
0 0.716965 0.669041 0.56607 0.622095
0 0.136174 0.88257 0.267325 0.234861
0 0.547533 0.345224 0.214152 0.246327
2 0.907387 0.684239 0.0464779 0.0556525
0 0.779159 0.221775 0.189752 0.203433
2 0.727353 0.219748 0.0268518 0.0247609
0 0.0151001 0.343671 0.0292023 0.298476
0 0.716965 0.669041 0.56607 0.622095
