0 0.559296 0.356939 0.18672 0.260226
0 0.662379 0.269261 0.142728 0.217911
0 0.360913 0.203181 0.231074 0.178445
0 0.65831 0.685381 0.495512 0.544563
0 0.806145 0.177641 0.127125 0.143751
2 0.807645 0.717852 0.0584619 0.0658473
0 0.0502372 0.189139 0.0997896 0.170531
0 0.559296 0.356939 0.18672 0.260226
0 0.662379 0.269261 0.142728 0.217911
0 0.360913 0.203181 0.231074 0.178445
0 0.65831 0.685381 0.495512 0.544563
0 0.806145 0.177641 0.127125 0.143751
2 0.807645 0.717852 0.0584619 0.0658473
0 0.0502372 0.189139 0.0997896 0.170531
