0 0.443316 0.539116 0.312308 0.404341
0 0.186845 0.790088 0.370524 0.419824
0 0.847724 0.224461 0.227494 0.195485
2 0.36594 0.638054 0.0549281 0.0554329
0 0.0153922 0.358254 0.0297927 0.309444
2 0.766519 0.243532 0.0230668 0.0231976
2 0.365634 0.635898 0.0530261 0.0501458
0 0.443316 0.539116 0.312308 0.404341
0 0.186845 0.790088 0.370524 0.419824
0 0.847724 0.224461 0.227494 0.195485
2 0.36594 0.638054 0.0549281 0.0554329
0 0.0153922 0.358254 0.0297927 0.309444
2 0.766519 0.243532 0.0230668 0.0231976
2 0.365634 0.635898 0.0530261 0.0501458
