0 0.441019 0.506955 0.338216 0.43661
0 0.615877 0.374368 0.150252 0.250013
0 0.669218 0.272009 0.157052 0.20831
0 0.186137 0.813733 0.364991 0.372535
2 0.374006 0.540628 0.0514559 0.0485699
0 0.0610442 0.164514 0.121895 0.302351
2 0.595622 0.40728 0.0261073 0.0294987
0 0.177643 0.813195 0.339572 0.373609
0 0.441019 0.506955 0.338216 0.43661
0 0.615877 0.374368 0.150252 0.250013
0 0.669218 0.272009 0.157052 0.20831
0 0.186137 0.813733 0.364991 0.372535
2 0.374006 0.540628 0.0514559 0.0485699
0 0.0610442 0.164514 0.121895 0.302351
2 0.595622 0.40728 0.0261073 0.0294987
0 0.177643 0.813195 0.339572 0.373609
