0 0.574584 0.441823 0.211598 0.427104
0 0.32101 0.163395 0.265919 0.187258
0 0.710645 0.2526 0.170969 0.214008
0 0.831213 0.708116 0.332986 0.583769
0 0.740355 0.152085 0.223062 0.155217
0 0.225169 0.747614 0.450337 0.504773
2 0.588243 0.528388 0.0509447 0.0363743
2 0.677968 0.295585 0.030959 0.027382
0 0.574584 0.441823 0.211598 0.427104
0 0.32101 0.163395 0.265919 0.187258
0 0.710645 0.2526 0.170969 0.214008
0 0.831213 0.708116 0.332986 0.583769
0 0.740355 0.152085 0.223062 0.155217
0 0.225169 0.747614 0.450337 0.504773
2 0.588243 0.528388 0.0509447 0.0363743
2 0.677968 0.295585 0.030959 0.027382
