0 0.179992 0.186539 0.228765 0.19312
0 0.619839 0.553542 0.493754 0.584462
2 0.752052 0.761633 0.0550995 0.0595369
0 0.669465 0.246621 0.183575 0.218679
0 0.669263 0.245711 0.182363 0.214519
0 0.931208 0.168481 0.13753 0.162132
2 0.629472 0.261414 0.0290099 0.0240599
0 0.620733 0.556684 0.475851 0.589753
0 0.341545 0.80581 0.683091 0.388381
0 0.179992 0.186539 0.228765 0.19312
0 0.619839 0.553542 0.493754 0.584462
2 0.752052 0.761633 0.0550995 0.0595369
0 0.669465 0.246621 0.183575 0.218679
0 0.669263 0.245711 0.182363 0.214519
0 0.931208 0.168481 0.13753 0.162132
2 0.629472 0.261414 0.0290099 0.0240599
0 0.620733 0.556684 0.475851 0.589753
0 0.341545 0.80581 0.683091 0.388381
