0 0.693581 0.245443 0.186287 0.221287
0 0.418216 0.206379 0.233694 0.175276
0 0.558921 0.340633 0.187015 0.205914
0 0.752437 0.655948 0.495125 0.621431
0 0.737696 0.658324 0.524607 0.628162
2 0.528699 0.376517 0.033449 0.0255808
0 0.0290129 0.192708 0.0579036 0.173428
2 0.647878 0.258498 0.0285248 0.026634
2 0.648192 0.255116 0.0255871 0.0216009
0 0.693581 0.245443 0.186287 0.221287
0 0.418216 0.206379 0.233694 0.175276
0 0.558921 0.340633 0.187015 0.205914
0 0.752437 0.655948 0.495125 0.621431
0 0.737696 0.658324 0.524607 0.628162
2 0.528699 0.376517 0.033449 0.0255808
0 0.0290129 0.192708 0.0579036 0.173428
2 0.647878 0.258498 0.0285248 0.026634
2 0.648192 0.255116 0.0255871 0.0216009
