0 0.525514 0.384944 0.177474 0.293178
1 0.329378 0.71791 0.136169 0.236243
0 0.546087 0.168703 0.237412 0.162903
0 0.639492 0.289798 0.171945 0.236171
2 0.524474 0.399284 0.0430618 0.0330238
2 0.607794 0.303861 0.0244267 0.0260121
1 0.329188 0.734299 0.136216 0.213314
0 0.525514 0.384944 0.177474 0.293178
1 0.329378 0.71791 0.136169 0.236243
0 0.546087 0.168703 0.237412 0.162903
0 0.639492 0.289798 0.171945 0.236171
2 0.524474 0.399284 0.0430618 0.0330238
2 0.607794 0.303861 0.0244267 0.0260121
1 0.329188 0.734299 0.136216 0.213314
