0 0.702931 0.259019 0.171442 0.203312
0 0.524832 0.466961 0.206008 0.354968
0 0.207793 0.725637 0.40447 0.548725
0 0.725426 0.152561 0.150525 0.109933
2 0.526631 0.496821 0.0524377 0.047506
2 0.533155 0.56367 0.0361767 0.0319857
2 0.665462 0.2547 0.0268326 0.0217576
0 0.702931 0.259019 0.171442 0.203312
0 0.524832 0.466961 0.206008 0.354968
0 0.207793 0.725637 0.40447 0.548725
0 0.725426 0.152561 0.150525 0.109933
2 0.526631 0.496821 0.0524377 0.047506
2 0.533155 0.56367 0.0361767 0.0319857
2 0.665462 0.2547 0.0268326 0.0217576
