0 0.530411 0.4051 0.228634 0.304964
0 0.629178 0.277971 0.15421 0.213903
0 0.0186207 0.305087 0.0364959 0.216474
0 0.13518 0.216397 0.189603 0.175352
2 0.492015 0.430366 0.0465915 0.0408561
2 0.00841736 0.37083 0.0168347 0.0294579
2 0.606358 0.282971 0.0286225 0.0249473
0 0.530411 0.4051 0.228634 0.304964
0 0.629178 0.277971 0.15421 0.213903
0 0.0186207 0.305087 0.0364959 0.216474
0 0.13518 0.216397 0.189603 0.175352
2 0.492015 0.430366 0.0465915 0.0408561
2 0.00841736 0.37083 0.0168347 0.0294579
2 0.606358 0.282971 0.0286225 0.0249473
