0 0.212915 0.767803 0.403328 0.464394
0 0.695936 0.181287 0.250544 0.217828
0 0.5715 0.413378 0.314981 0.582976
0 0.956471 0.770033 0.0859144 0.459934
2 0.609852 0.647589 0.0325749 0.0266205
2 0.602734 0.616714 0.0571412 0.0470003
0 0.00751288 0.209801 0.0150258 0.110043
0 0.212915 0.767803 0.403328 0.464394
0 0.695936 0.181287 0.250544 0.217828
0 0.5715 0.413378 0.314981 0.582976
0 0.956471 0.770033 0.0859144 0.459934
2 0.609852 0.647589 0.0325749 0.0266205
2 0.602734 0.616714 0.0571412 0.0470003
0 0.00751288 0.209801 0.0150258 0.110043
