0 0.567017 0.383039 0.201747 0.364233
0 0.711589 0.276418 0.148485 0.211784
0 0.918676 0.131874 0.162649 0.221518
0 0.204034 0.138388 0.299161 0.267706
2 0.526962 0.448116 0.0492365 0.0421903
2 0.673562 0.326462 0.0319241 0.0341402
2 0.913716 0.13997 0.0316585 0.0252616
0 0.567017 0.383039 0.201747 0.364233
0 0.711589 0.276418 0.148485 0.211784
0 0.918676 0.131874 0.162649 0.221518
0 0.204034 0.138388 0.299161 0.267706
2 0.526962 0.448116 0.0492365 0.0421903
2 0.673562 0.326462 0.0319241 0.0341402
2 0.913716 0.13997 0.0316585 0.0252616
