0 0.633084 0.30765 0.152184 0.213041
0 0.489368 0.384475 0.221421 0.243647
0 0.600538 0.681518 0.550706 0.587814
0 0.0707461 0.870025 0.140793 0.259949
2 0.605542 0.313744 0.0305277 0.0269684
2 0.782158 0.695991 0.0517363 0.0499896
2 0.454267 0.437189 0.0470982 0.0412901
2 0.725773 0.836311 0.0503947 0.0447505
0 0.633084 0.30765 0.152184 0.213041
0 0.489368 0.384475 0.221421 0.243647
0 0.600538 0.681518 0.550706 0.587814
0 0.0707461 0.870025 0.140793 0.259949
2 0.605542 0.313744 0.0305277 0.0269684
2 0.782158 0.695991 0.0517363 0.0499896
2 0.454267 0.437189 0.0470982 0.0412901
2 0.725773 0.836311 0.0503947 0.0447505
