0 0.565678 0.546561 0.272646 0.373476
0 0.602883 0.329681 0.174964 0.246116
0 0.733077 0.260609 0.158226 0.204009
2 0.609326 0.587013 0.0560892 0.0471377
2 0.581338 0.351506 0.03736 0.0311238
2 0.697145 0.306821 0.0292803 0.0271442
0 0.950234 0.813708 0.0991465 0.372583
0 0.912764 0.194761 0.174473 0.153989
0 0.565678 0.546561 0.272646 0.373476
0 0.602883 0.329681 0.174964 0.246116
0 0.733077 0.260609 0.158226 0.204009
2 0.609326 0.587013 0.0560892 0.0471377
2 0.581338 0.351506 0.03736 0.0311238
2 0.697145 0.306821 0.0292803 0.0271442
0 0.950234 0.813708 0.0991465 0.372583
0 0.912764 0.194761 0.174473 0.153989
