0 0.567176 0.407123 0.195845 0.338041
0 0.649361 0.269294 0.15704 0.242533
0 0.166583 0.222632 0.240991 0.162728
0 0.230567 0.799653 0.391493 0.400694
0 0.884928 0.828529 0.230144 0.342941
0 0.192485 0.790399 0.380569 0.419202
2 0.564463 0.431368 0.0377261 0.0276697
0 0.567176 0.407123 0.195845 0.338041
0 0.649361 0.269294 0.15704 0.242533
0 0.166583 0.222632 0.240991 0.162728
0 0.230567 0.799653 0.391493 0.400694
0 0.884928 0.828529 0.230144 0.342941
0 0.192485 0.790399 0.380569 0.419202
2 0.564463 0.431368 0.0377261 0.0276697
