0 0.724657 0.265478 0.149044 0.195317
0 0.550629 0.377006 0.212405 0.271202
0 0.616555 0.710717 0.529272 0.519395
0 0.179284 0.19494 0.239979 0.161018
2 0.86079 0.736514 0.0372698 0.0467513
2 0.522786 0.415791 0.0441913 0.0351893
2 0.69442 0.309851 0.0287884 0.0256068
0 0.019413 0.374929 0.0384166 0.299101
0 0.1804 0.194092 0.238193 0.161119
0 0.724657 0.265478 0.149044 0.195317
0 0.550629 0.377006 0.212405 0.271202
0 0.616555 0.710717 0.529272 0.519395
0 0.179284 0.19494 0.239979 0.161018
2 0.86079 0.736514 0.0372698 0.0467513
2 0.522786 0.415791 0.0441913 0.0351893
2 0.69442 0.309851 0.0287884 0.0256068
0 0.019413 0.374929 0.0384166 0.299101
0 0.1804 0.194092 0.238193 0.161119
