0 0.62559 0.62384 0.409184 0.443522
0 0.588338 0.342093 0.191416 0.198621
0 0.722842 0.254574 0.142345 0.199756
2 0.561215 0.402637 0.0410373 0.0325467
2 0.73927 0.668457 0.056623 0.0536324
2 0.694037 0.297119 0.0247372 0.0248818
0 0.0268683 0.197226 0.0533668 0.163446
0 0.62559 0.62384 0.409184 0.443522
0 0.588338 0.342093 0.191416 0.198621
0 0.722842 0.254574 0.142345 0.199756
2 0.561215 0.402637 0.0410373 0.0325467
2 0.73927 0.668457 0.056623 0.0536324
2 0.694037 0.297119 0.0247372 0.0248818
0 0.0268683 0.197226 0.0533668 0.163446
