0 0.708842 0.194241 0.190566 0.190173
0 0.535688 0.394564 0.228529 0.357239
0 0.0953276 0.894476 0.188902 0.211047
2 0.505938 0.43991 0.0471316 0.0384028
2 0.913462 0.863328 0.040709 0.0519565
0 0.700171 0.72921 0.550196 0.540483
0 0.56933 0.243035 0.186063 0.19517
0 0.688678 0.730738 0.552605 0.538525
0 0.708842 0.194241 0.190566 0.190173
0 0.535688 0.394564 0.228529 0.357239
0 0.0953276 0.894476 0.188902 0.211047
2 0.505938 0.43991 0.0471316 0.0384028
2 0.913462 0.863328 0.040709 0.0519565
0 0.700171 0.72921 0.550196 0.540483
0 0.56933 0.243035 0.186063 0.19517
0 0.688678 0.730738 0.552605 0.538525
