0 0.487884 0.485535 0.258746 0.330019
0 0.614541 0.331419 0.184855 0.271694
0 0.409539 0.238908 0.214946 0.175095
0 0.782423 0.255074 0.150647 0.168804
0 0.76749 0.15973 0.147252 0.108777
2 0.586261 0.337767 0.0311713 0.0258583
2 0.745953 0.285535 0.024961 0.0258734
2 0.435392 0.589313 0.0487892 0.046499
0 0.487884 0.485535 0.258746 0.330019
0 0.614541 0.331419 0.184855 0.271694
0 0.409539 0.238908 0.214946 0.175095
0 0.782423 0.255074 0.150647 0.168804
0 0.76749 0.15973 0.147252 0.108777
2 0.586261 0.337767 0.0311713 0.0258583
2 0.745953 0.285535 0.024961 0.0258734
2 0.435392 0.589313 0.0487892 0.046499
