0 0.594347 0.36363 0.182576 0.243991
0 0.718557 0.273579 0.161079 0.204646
0 0.568987 0.18775 0.185504 0.166162
0 0.245193 0.174854 0.207509 0.15995
0 0.233949 0.746488 0.467898 0.507024
0 0.92591 0.815343 0.14818 0.369315
2 0.569041 0.424059 0.0387744 0.0374682
2 0.00906108 0.945876 0.0181222 0.0625481
0 0.594347 0.36363 0.182576 0.243991
0 0.718557 0.273579 0.161079 0.204646
0 0.568987 0.18775 0.185504 0.166162
0 0.245193 0.174854 0.207509 0.15995
0 0.233949 0.746488 0.467898 0.507024
0 0.92591 0.815343 0.14818 0.369315
2 0.569041 0.424059 0.0387744 0.0374682
2 0.00906108 0.945876 0.0181222 0.0625481
