0 0.671819 0.267958 0.161266 0.220857
0 0.579031 0.358145 0.164018 0.238218
0 0.452295 0.21056 0.192344 0.159727
0 0.783625 0.763706 0.431826 0.472588
0 0.253204 0.641186 0.427613 0.626582
0 0.0184503 0.339476 0.0362249 0.300531
2 0.564442 0.377533 0.0377294 0.0323522
0 0.452932 0.140434 0.243729 0.150311
2 0.109216 0.702467 0.0593375 0.0631999
0 0.671819 0.267958 0.161266 0.220857
0 0.579031 0.358145 0.164018 0.238218
0 0.452295 0.21056 0.192344 0.159727
0 0.783625 0.763706 0.431826 0.472588
0 0.253204 0.641186 0.427613 0.626582
0 0.0184503 0.339476 0.0362249 0.300531
2 0.564442 0.377533 0.0377294 0.0323522
0 0.452932 0.140434 0.243729 0.150311
2 0.109216 0.702467 0.0593375 0.0631999
