0 0.701058 0.262546 0.153384 0.191985
0 0.613614 0.603646 0.432457 0.483228
0 0.522471 0.318858 0.203676 0.263606
2 0.747201 0.710525 0.0528266 0.0584987
2 0.664544 0.271341 0.0268645 0.0233806
0 0.52002 0.315899 0.199486 0.258715
0 0.0172877 0.388881 0.033734 0.37342
0 0.701058 0.262546 0.153384 0.191985
0 0.613614 0.603646 0.432457 0.483228
0 0.522471 0.318858 0.203676 0.263606
2 0.747201 0.710525 0.0528266 0.0584987
2 0.664544 0.271341 0.0268645 0.0233806
0 0.52002 0.315899 0.199486 0.258715
0 0.0172877 0.388881 0.033734 0.37342
