0 0.50666 0.506781 0.227543 0.33459
0 0.617294 0.338698 0.182721 0.276198
0 0.247883 0.758543 0.495767 0.482914
0 0.594771 0.197152 0.233348 0.178602
2 0.475792 0.597519 0.0483173 0.044
2 0.590043 0.351435 0.0373646 0.0322399
0 0.258651 0.761007 0.517303 0.477986
0 0.50666 0.506781 0.227543 0.33459
0 0.617294 0.338698 0.182721 0.276198
0 0.247883 0.758543 0.495767 0.482914
0 0.594771 0.197152 0.233348 0.178602
2 0.475792 0.597519 0.0483173 0.044
2 0.590043 0.351435 0.0373646 0.0322399
0 0.258651 0.761007 0.517303 0.477986
