0 0.594468 0.356273 0.154871 0.236325
0 0.598258 0.158113 0.215423 0.177276
0 0.414069 0.519119 0.318813 0.396944
0 0.77226 0.233765 0.185913 0.172723
2 0.58474 0.420173 0.0345774 0.0290716
0 0.414389 0.526151 0.317983 0.408491
2 0.35212 0.54877 0.0547625 0.0513652
2 0.717309 0.240373 0.0254235 0.0229587
0 0.594468 0.356273 0.154871 0.236325
0 0.598258 0.158113 0.215423 0.177276
0 0.414069 0.519119 0.318813 0.396944
0 0.77226 0.233765 0.185913 0.172723
2 0.58474 0.420173 0.0345774 0.0290716
0 0.414389 0.526151 0.317983 0.408491
2 0.35212 0.54877 0.0547625 0.0513652
2 0.717309 0.240373 0.0254235 0.0229587
