0 0.588357 0.213528 0.199353 0.160203
0 0.504582 0.639378 0.416829 0.548744
0 0.414006 0.133971 0.265971 0.250036
0 0.838609 0.163653 0.197503 0.183492
0 0.045394 0.190206 0.0901522 0.178821
2 0.623154 0.682326 0.0580578 0.0588298
2 0.622564 0.679764 0.0526247 0.0527689
0 0.588357 0.213528 0.199353 0.160203
0 0.504582 0.639378 0.416829 0.548744
0 0.414006 0.133971 0.265971 0.250036
0 0.838609 0.163653 0.197503 0.183492
0 0.045394 0.190206 0.0901522 0.178821
2 0.623154 0.682326 0.0580578 0.0588298
2 0.622564 0.679764 0.0526247 0.0527689
