0 0.664107 0.284958 0.137776 0.22759
0 0.379881 0.192747 0.210654 0.162532
0 0.522139 0.375268 0.217224 0.256809
0 0.642551 0.693943 0.576039 0.607255
0 0.148845 0.892098 0.29769 0.212777
2 0.868785 0.714327 0.046944 0.0561227
0 0.848837 0.220635 0.213842 0.193665
2 0.836047 0.845778 0.0422066 0.0469922
2 0.645212 0.335502 0.0300497 0.028121
0 0.92769 0.158176 0.14387 0.105477
0 0.927972 0.154604 0.135405 0.085996
0 0.664107 0.284958 0.137776 0.22759
0 0.379881 0.192747 0.210654 0.162532
0 0.522139 0.375268 0.217224 0.256809
0 0.642551 0.693943 0.576039 0.607255
0 0.148845 0.892098 0.29769 0.212777
2 0.868785 0.714327 0.046944 0.0561227
0 0.848837 0.220635 0.213842 0.193665
2 0.836047 0.845778 0.0422066 0.0469922
2 0.645212 0.335502 0.0300497 0.028121
0 0.92769 0.158176 0.14387 0.105477
0 0.927972 0.154604 0.135405 0.085996
