0 0.344158 0.603883 0.338049 0.436807
0 0.502819 0.367719 0.198171 0.367224
0 0.83574 0.742491 0.328521 0.515019
0 0.638746 0.289499 0.123634 0.200946
2 0.262904 0.640913 0.0563539 0.047335
2 0.477606 0.438586 0.0306261 0.0290361
0 0.0136603 0.220896 0.0272841 0.121073
0 0.344158 0.603883 0.338049 0.436807
0 0.502819 0.367719 0.198171 0.367224
0 0.83574 0.742491 0.328521 0.515019
0 0.638746 0.289499 0.123634 0.200946
2 0.262904 0.640913 0.0563539 0.047335
2 0.477606 0.438586 0.0306261 0.0290361
0 0.0136603 0.220896 0.0272841 0.121073
