0 0.649125 0.293631 0.162292 0.199559
2 0.174549 0.836964 0.0631336 0.0682591
2 0.619297 0.33166 0.0298936 0.0260425
0 0.311772 0.682041 0.544614 0.635918
0 0.0201007 0.197144 0.0394969 0.223004
0 0.0156833 0.199372 0.0310051 0.181019
0 0.0319843 0.198666 0.0630739 0.230407
0 0.649125 0.293631 0.162292 0.199559
2 0.174549 0.836964 0.0631336 0.0682591
2 0.619297 0.33166 0.0298936 0.0260425
0 0.311772 0.682041 0.544614 0.635918
0 0.0201007 0.197144 0.0394969 0.223004
0 0.0156833 0.199372 0.0310051 0.181019
0 0.0319843 0.198666 0.0630739 0.230407
