0 0.553482 0.468739 0.229082 0.315586
0 0.648832 0.2761 0.183607 0.208304
0 0.348847 0.710594 0.376552 0.578812
2 0.292014 0.940684 0.0672525 0.0565582
2 0.580975 0.5449 0.046846 0.0408379
2 0.581995 0.547411 0.0511003 0.0481938
0 0.345886 0.716982 0.387227 0.566035
0 0.553482 0.468739 0.229082 0.315586
0 0.648832 0.2761 0.183607 0.208304
0 0.348847 0.710594 0.376552 0.578812
2 0.292014 0.940684 0.0672525 0.0565582
2 0.580975 0.5449 0.046846 0.0408379
2 0.581995 0.547411 0.0511003 0.0481938
0 0.345886 0.716982 0.387227 0.566035
