0 0.68764 0.271833 0.166809 0.205215
0 0.452046 0.537641 0.311235 0.364091
0 0.559894 0.160666 0.242291 0.179355
0 0.874541 0.798833 0.250546 0.402335
0 0.0697186 0.180383 0.139239 0.183872
2 0.654367 0.285759 0.0318409 0.027594
2 0.379174 0.56607 0.0490337 0.0422757
2 0.378954 0.570908 0.0542359 0.0518734
0 0.68764 0.271833 0.166809 0.205215
0 0.452046 0.537641 0.311235 0.364091
0 0.559894 0.160666 0.242291 0.179355
0 0.874541 0.798833 0.250546 0.402335
0 0.0697186 0.180383 0.139239 0.183872
2 0.654367 0.285759 0.0318409 0.027594
2 0.379174 0.56607 0.0490337 0.0422757
2 0.378954 0.570908 0.0542359 0.0518734
