0 0.719457 0.249988 0.14229 0.184414
0 0.605613 0.161763 0.185031 0.155735
0 0.260825 0.198674 0.28404 0.200139
2 0.694668 0.26671 0.0309046 0.025349
0 0.0140857 0.255579 0.0272761 0.186584
0 0.148573 0.135669 0.18369 0.107998
0 0.836327 0.181644 0.140403 0.110723
0 0.719457 0.249988 0.14229 0.184414
0 0.605613 0.161763 0.185031 0.155735
0 0.260825 0.198674 0.28404 0.200139
2 0.694668 0.26671 0.0309046 0.025349
0 0.0140857 0.255579 0.0272761 0.186584
0 0.148573 0.135669 0.18369 0.107998
0 0.836327 0.181644 0.140403 0.110723
