0 0.658918 0.294066 0.15678 0.208766
2 0.531828 0.509885 0.0499699 0.0423707
0 0.206238 0.791614 0.391375 0.416772
0 0.507651 0.47863 0.238428 0.36815
2 0.630502 0.341197 0.0287037 0.0278811
0 0.507594 0.481732 0.238668 0.379303
0 0.218617 0.791312 0.412381 0.417375
0 0.658918 0.294066 0.15678 0.208766
2 0.531828 0.509885 0.0499699 0.0423707
0 0.206238 0.791614 0.391375 0.416772
0 0.507651 0.47863 0.238428 0.36815
2 0.630502 0.341197 0.0287037 0.0278811
0 0.507594 0.481732 0.238668 0.379303
0 0.218617 0.791312 0.412381 0.417375
