0 0.366226 0.19487 0.219593 0.18977
0 0.107084 0.172904 0.212727 0.158776
0 0.66461 0.260585 0.167107 0.243793
0 0.872757 0.200236 0.21316 0.199656
2 0.486618 0.400828 0.0439775 0.0341385
2 0.617253 0.312016 0.0280903 0.026838
2 0.548522 0.332304 0.0431357 0.0421296
0 0.366226 0.19487 0.219593 0.18977
0 0.107084 0.172904 0.212727 0.158776
0 0.66461 0.260585 0.167107 0.243793
0 0.872757 0.200236 0.21316 0.199656
2 0.486618 0.400828 0.0439775 0.0341385
2 0.617253 0.312016 0.0280903 0.026838
2 0.548522 0.332304 0.0431357 0.0421296
