0 0.893241 0.8076 0.212052 0.384799
0 0.581561 0.517992 0.246997 0.35122
0 0.618162 0.315736 0.190721 0.219695
0 0.204191 0.245996 0.191519 0.258992
2 0.617181 0.63852 0.0515608 0.0421521
0 0.457905 0.126036 0.34111 0.251509
0 0.716134 0.247084 0.14541 0.202275
0 0.0142575 0.19238 0.0283768 0.134826
0 0.621 0.119747 0.0918159 0.181421
0 0.293751 0.230764 0.0548973 0.127676
0 0.015386 0.187479 0.0301178 0.156628
2 0.626265 0.140196 0.0258626 0.0302451
0 0.893241 0.8076 0.212052 0.384799
0 0.581561 0.517992 0.246997 0.35122
0 0.618162 0.315736 0.190721 0.219695
0 0.204191 0.245996 0.191519 0.258992
2 0.617181 0.63852 0.0515608 0.0421521
0 0.457905 0.126036 0.34111 0.251509
0 0.716134 0.247084 0.14541 0.202275
0 0.0142575 0.19238 0.0283768 0.134826
0 0.621 0.119747 0.0918159 0.181421
0 0.293751 0.230764 0.0548973 0.127676
0 0.015386 0.187479 0.0301178 0.156628
2 0.626265 0.140196 0.0258626 0.0302451
