0 0.503214 0.539604 0.266131 0.370099
0 0.639727 0.338113 0.163294 0.243971
0 0.738558 0.194282 0.084613 0.165582
2 0.623895 0.358799 0.0360772 0.0297991
2 0.732133 0.229789 0.0222963 0.0218173
2 0.544777 0.591933 0.0563173 0.0450117
0 0.941378 0.234503 0.117244 0.151353
2 0.544734 0.586563 0.0491836 0.036075
0 0.503214 0.539604 0.266131 0.370099
0 0.639727 0.338113 0.163294 0.243971
0 0.738558 0.194282 0.084613 0.165582
2 0.623895 0.358799 0.0360772 0.0297991
2 0.732133 0.229789 0.0222963 0.0218173
2 0.544777 0.591933 0.0563173 0.0450117
0 0.941378 0.234503 0.117244 0.151353
2 0.544734 0.586563 0.0491836 0.036075
