0 0.64524 0.66154 0.467866 0.49679
0 0.530971 0.386232 0.216545 0.269446
0 0.764394 0.240325 0.207966 0.222726
0 0.0166796 0.291249 0.0325925 0.213455
2 0.70998 0.293857 0.0275717 0.0294032
2 0.796553 0.728274 0.0561414 0.0639078
0 0.967274 0.226508 0.065453 0.172477
0 0.64524 0.66154 0.467866 0.49679
0 0.530971 0.386232 0.216545 0.269446
0 0.764394 0.240325 0.207966 0.222726
0 0.0166796 0.291249 0.0325925 0.213455
2 0.70998 0.293857 0.0275717 0.0294032
2 0.796553 0.728274 0.0561414 0.0639078
0 0.967274 0.226508 0.065453 0.172477
