0 0.551899 0.459585 0.209304 0.3508
0 0.756159 0.152122 0.13855 0.179728
0 0.339001 0.769431 0.477439 0.461138
0 0.0397181 0.327368 0.0789744 0.239505
2 0.566924 0.572265 0.0458803 0.042035
0 0.597391 0.271265 0.26617 0.295606
2 0.011776 0.406522 0.0235521 0.0352573
0 0.597372 0.251529 0.27183 0.25806
0 0.957282 0.189077 0.0854369 0.180177
2 0.206842 0.955326 0.0792258 0.0673311
2 0.266914 0.16212 0.0285948 0.0285284
0 0.551899 0.459585 0.209304 0.3508
0 0.756159 0.152122 0.13855 0.179728
0 0.339001 0.769431 0.477439 0.461138
0 0.0397181 0.327368 0.0789744 0.239505
2 0.566924 0.572265 0.0458803 0.042035
0 0.597391 0.271265 0.26617 0.295606
2 0.011776 0.406522 0.0235521 0.0352573
0 0.597372 0.251529 0.27183 0.25806
0 0.957282 0.189077 0.0854369 0.180177
2 0.206842 0.955326 0.0792258 0.0673311
2 0.266914 0.16212 0.0285948 0.0285284
