0 0.541965 0.388989 0.186176 0.260928
0 0.630813 0.172981 0.13818 0.137762
0 0.785496 0.225454 0.207257 0.221633
0 0.0563052 0.287902 0.111967 0.223439
2 0.517402 0.458877 0.0396829 0.0343253
2 0.715915 0.253742 0.0250303 0.0255272
2 0.0850912 0.342441 0.0243016 0.0282879
0 0.541965 0.388989 0.186176 0.260928
0 0.630813 0.172981 0.13818 0.137762
0 0.785496 0.225454 0.207257 0.221633
0 0.0563052 0.287902 0.111967 0.223439
2 0.517402 0.458877 0.0396829 0.0343253
2 0.715915 0.253742 0.0250303 0.0255272
2 0.0850912 0.342441 0.0243016 0.0282879
