0 0.58326 0.573398 0.288143 0.401072
0 0.200921 0.787834 0.394619 0.424332
0 0.708177 0.268135 0.181245 0.207689
2 0.633491 0.680779 0.0588943 0.0523255
0 0.554817 0.32337 0.189455 0.226733
2 0.656704 0.274262 0.0250481 0.0245212
2 0.632549 0.679066 0.0534223 0.0470351
0 0.58326 0.573398 0.288143 0.401072
0 0.200921 0.787834 0.394619 0.424332
0 0.708177 0.268135 0.181245 0.207689
2 0.633491 0.680779 0.0588943 0.0523255
0 0.554817 0.32337 0.189455 0.226733
2 0.656704 0.274262 0.0250481 0.0245212
2 0.632549 0.679066 0.0534223 0.0470351
