0 0.513988 0.367273 0.172121 0.316314
0 0.393051 0.722956 0.35588 0.498373
0 0.717076 0.248759 0.192395 0.196322
2 0.514927 0.451538 0.0392289 0.0345175
0 0.968712 0.153245 0.0625763 0.191109
2 0.326405 0.810959 0.0673218 0.0631324
2 0.660925 0.239245 0.028569 0.0243907
2 0.662033 0.23978 0.0303319 0.024811
0 0.513988 0.367273 0.172121 0.316314
0 0.393051 0.722956 0.35588 0.498373
0 0.717076 0.248759 0.192395 0.196322
2 0.514927 0.451538 0.0392289 0.0345175
0 0.968712 0.153245 0.0625763 0.191109
2 0.326405 0.810959 0.0673218 0.0631324
2 0.660925 0.239245 0.028569 0.0243907
2 0.662033 0.23978 0.0303319 0.024811
