0 0.637767 0.285848 0.155536 0.20907
0 0.605744 0.560068 0.398633 0.450805
0 0.825786 0.231302 0.220733 0.187864
2 0.752727 0.227426 0.02301 0.0237853
2 0.717934 0.682643 0.0556697 0.0558481
2 0.717366 0.679801 0.0516149 0.0507863
2 0.604859 0.349476 0.0275774 0.0262415
0 0.637767 0.285848 0.155536 0.20907
0 0.605744 0.560068 0.398633 0.450805
0 0.825786 0.231302 0.220733 0.187864
2 0.752727 0.227426 0.02301 0.0237853
2 0.717934 0.682643 0.0556697 0.0558481
2 0.717366 0.679801 0.0516149 0.0507863
2 0.604859 0.349476 0.0275774 0.0262415
