0 0.708424 0.272621 0.177382 0.193482
0 0.558109 0.379732 0.191908 0.258058
0 0.823991 0.747408 0.35088 0.505185
0 0.0609464 0.169539 0.121396 0.189198
2 0.529443 0.427946 0.0334104 0.0290853
2 0.663633 0.271718 0.0278343 0.0237348
0 0.29815 0.853759 0.592627 0.292483
0 0.708424 0.272621 0.177382 0.193482
0 0.558109 0.379732 0.191908 0.258058
0 0.823991 0.747408 0.35088 0.505185
0 0.0609464 0.169539 0.121396 0.189198
2 0.529443 0.427946 0.0334104 0.0290853
2 0.663633 0.271718 0.0278343 0.0237348
0 0.29815 0.853759 0.592627 0.292483
