0 0.704867 0.264869 0.148982 0.195333
0 0.535297 0.487558 0.263111 0.440696
0 0.231931 0.720413 0.463862 0.559174
0 0.818747 0.753469 0.360498 0.493062
2 0.571999 0.61636 0.055489 0.0478382
2 0.675621 0.31472 0.0275261 0.0238712
0 0.779104 0.202504 0.189197 0.154024
0 0.0323717 0.206358 0.063745 0.223793
0 0.77327 0.199245 0.17444 0.147335
0 0.0208575 0.205209 0.0411727 0.216046
0 0.704867 0.264869 0.148982 0.195333
0 0.535297 0.487558 0.263111 0.440696
0 0.231931 0.720413 0.463862 0.559174
0 0.818747 0.753469 0.360498 0.493062
2 0.571999 0.61636 0.055489 0.0478382
2 0.675621 0.31472 0.0275261 0.0238712
0 0.779104 0.202504 0.189197 0.154024
0 0.0323717 0.206358 0.063745 0.223793
0 0.77327 0.199245 0.17444 0.147335
0 0.0208575 0.205209 0.0411727 0.216046
