0 0.721735 0.165528 0.208965 0.147751
0 0.670416 0.261516 0.167895 0.235121
2 0.472332 0.476785 0.0469731 0.0393097
0 0.755732 0.671849 0.488536 0.627181
0 0.518796 0.413313 0.270059 0.398526
0 0.741064 0.66765 0.517872 0.616653
0 0.00794765 0.363683 0.0156264 0.192399
0 0.721735 0.165528 0.208965 0.147751
0 0.670416 0.261516 0.167895 0.235121
2 0.472332 0.476785 0.0469731 0.0393097
0 0.755732 0.671849 0.488536 0.627181
0 0.518796 0.413313 0.270059 0.398526
0 0.741064 0.66765 0.517872 0.616653
0 0.00794765 0.363683 0.0156264 0.192399
