0 0.585371 0.361108 0.181123 0.248516
0 0.487913 0.205765 0.244 0.174038
0 0.367413 0.595559 0.3523 0.414927
0 0.846531 0.209558 0.257933 0.219975
0 0.746845 0.70737 0.50631 0.580206
2 0.562386 0.424941 0.0399172 0.0337516
2 0.269597 0.698788 0.05622 0.0553847
2 0.763563 0.24169 0.0230524 0.0265906
0 0.585371 0.361108 0.181123 0.248516
0 0.487913 0.205765 0.244 0.174038
0 0.367413 0.595559 0.3523 0.414927
0 0.846531 0.209558 0.257933 0.219975
0 0.746845 0.70737 0.50631 0.580206
2 0.562386 0.424941 0.0399172 0.0337516
2 0.269597 0.698788 0.05622 0.0553847
2 0.763563 0.24169 0.0230524 0.0265906
