0 0.218007 0.710995 0.424108 0.578011
2 0.608626 0.578474 0.0544951 0.0473519
0 0.389664 0.127461 0.323924 0.254921
0 0.560213 0.437532 0.313215 0.587603
0 0.560615 0.468128 0.302178 0.518185
0 0.391257 0.127635 0.325753 0.255271
0 0.559884 0.445367 0.304871 0.591675
0 0.218007 0.710995 0.424108 0.578011
2 0.608626 0.578474 0.0544951 0.0473519
0 0.389664 0.127461 0.323924 0.254921
0 0.560213 0.437532 0.313215 0.587603
0 0.560615 0.468128 0.302178 0.518185
0 0.391257 0.127635 0.325753 0.255271
0 0.559884 0.445367 0.304871 0.591675
