0 0.875396 0.793985 0.249209 0.412031
0 0.519464 0.350825 0.163234 0.273114
0 0.933872 0.190928 0.132256 0.155585
2 0.129793 0.696999 0.0574828 0.0695341
0 0.304779 0.623662 0.456744 0.625214
0 0.0722101 0.15245 0.144148 0.132613
0 0.727938 0.195485 0.215135 0.209837
0 0.04698 0.234102 0.0937368 0.1606
0 0.875396 0.793985 0.249209 0.412031
0 0.519464 0.350825 0.163234 0.273114
0 0.933872 0.190928 0.132256 0.155585
2 0.129793 0.696999 0.0574828 0.0695341
0 0.304779 0.623662 0.456744 0.625214
0 0.0722101 0.15245 0.144148 0.132613
0 0.727938 0.195485 0.215135 0.209837
0 0.04698 0.234102 0.0937368 0.1606
