0 0.716254 0.268099 0.155549 0.194526
0 0.400726 0.198669 0.282381 0.193099
0 0.500277 0.445301 0.308906 0.42037
0 0.503655 0.407688 0.302315 0.364403
0 0.12692 0.917727 0.249286 0.164546
0 0.747016 0.700954 0.505969 0.598093
2 0.459081 0.587278 0.0527064 0.0480794
2 0.687829 0.308199 0.0296356 0.024732
0 0.716254 0.268099 0.155549 0.194526
0 0.400726 0.198669 0.282381 0.193099
0 0.500277 0.445301 0.308906 0.42037
0 0.503655 0.407688 0.302315 0.364403
0 0.12692 0.917727 0.249286 0.164546
0 0.747016 0.700954 0.505969 0.598093
2 0.459081 0.587278 0.0527064 0.0480794
2 0.687829 0.308199 0.0296356 0.024732
