0 0.593165 0.337165 0.169682 0.233207
0 0.364967 0.208453 0.223677 0.172695
0 0.222586 0.705795 0.445171 0.588409
0 0.872708 0.144881 0.249689 0.15851
2 0.573106 0.396847 0.035404 0.0292344
2 0.0707962 0.920254 0.0651613 0.0700233
0 0.0324364 0.305527 0.0639796 0.2941
2 0.770299 0.220167 0.022944 0.0240328
0 0.832306 0.231641 0.207957 0.184189
2 0.0060624 0.370155 0.0121248 0.0318462
2 0.00532523 0.366203 0.0106505 0.030525
0 0.593165 0.337165 0.169682 0.233207
0 0.364967 0.208453 0.223677 0.172695
0 0.222586 0.705795 0.445171 0.588409
0 0.872708 0.144881 0.249689 0.15851
2 0.573106 0.396847 0.035404 0.0292344
2 0.0707962 0.920254 0.0651613 0.0700233
0 0.0324364 0.305527 0.0639796 0.2941
2 0.770299 0.220167 0.022944 0.0240328
0 0.832306 0.231641 0.207957 0.184189
2 0.0060624 0.370155 0.0121248 0.0318462
2 0.00532523 0.366203 0.0106505 0.030525
