0 0.493898 0.465023 0.250201 0.2942
0 0.68222 0.270795 0.186827 0.218064
0 0.892781 0.173888 0.20534 0.150244
2 0.637466 0.283377 0.0343649 0.0298818
2 0.44559 0.504923 0.0481264 0.0402354
0 0.0510156 0.165328 0.101131 0.303904
2 0.445526 0.500805 0.0426074 0.0315989
0 0.493898 0.465023 0.250201 0.2942
0 0.68222 0.270795 0.186827 0.218064
0 0.892781 0.173888 0.20534 0.150244
2 0.637466 0.283377 0.0343649 0.0298818
2 0.44559 0.504923 0.0481264 0.0402354
0 0.0510156 0.165328 0.101131 0.303904
2 0.445526 0.500805 0.0426074 0.0315989
