0 0.636754 0.288141 0.172457 0.234907
0 0.145473 0.203084 0.286337 0.216672
0 0.845596 0.215401 0.224093 0.178142
2 0.610107 0.290819 0.0371597 0.029059
0 0.746528 0.691688 0.506943 0.616625
0 0.516787 0.431065 0.2197 0.207252
0 0.737095 0.695598 0.52581 0.608804
0 0.636754 0.288141 0.172457 0.234907
0 0.145473 0.203084 0.286337 0.216672
0 0.845596 0.215401 0.224093 0.178142
2 0.610107 0.290819 0.0371597 0.029059
0 0.746528 0.691688 0.506943 0.616625
0 0.516787 0.431065 0.2197 0.207252
0 0.737095 0.695598 0.52581 0.608804
