0 0.615557 0.299295 0.171978 0.249312
0 0.57435 0.547513 0.28427 0.375047
0 0.14525 0.187705 0.208518 0.145206
2 0.617665 0.597134 0.0579648 0.0422937
2 0.591064 0.334041 0.0346529 0.0277143
2 0.592751 0.682793 0.0645996 0.0513437
2 0.585943 0.680967 0.0566861 0.0477201
0 0.615557 0.299295 0.171978 0.249312
0 0.57435 0.547513 0.28427 0.375047
0 0.14525 0.187705 0.208518 0.145206
2 0.617665 0.597134 0.0579648 0.0422937
2 0.591064 0.334041 0.0346529 0.0277143
2 0.592751 0.682793 0.0645996 0.0513437
2 0.585943 0.680967 0.0566861 0.0477201
