0 0.591423 0.596707 0.362645 0.481556
0 0.719821 0.238919 0.161469 0.205599
0 0.557373 0.341518 0.180819 0.181474
0 0.0186179 0.324551 0.036702 0.306569
0 0.212643 0.783254 0.397166 0.433492
2 0.688332 0.65566 0.0540723 0.0510308
2 0.682619 0.231922 0.0280021 0.0259083
2 0.681681 0.236375 0.0311525 0.0320776
0 0.591423 0.596707 0.362645 0.481556
0 0.719821 0.238919 0.161469 0.205599
0 0.557373 0.341518 0.180819 0.181474
0 0.0186179 0.324551 0.036702 0.306569
0 0.212643 0.783254 0.397166 0.433492
2 0.688332 0.65566 0.0540723 0.0510308
2 0.682619 0.231922 0.0280021 0.0259083
2 0.681681 0.236375 0.0311525 0.0320776
